comb,1,2,3,4,5,6,7,8,9,10,11,12,13,14,15,16,17,18,19,20,21,22,23,24,25,26,27,28,29,30,31,32,33,34,35,36,37,38,39,40,41,42,43,44,45,46,47,48,49,50,51,52,53,54,55,56,57,58,59,60,61,62,63,64,65,66,67,68,69,70,71,72,73,74,75,76,77,78,79,80,81,82,83,84,85,86,87,88,89,90,91,92,93,94,95,96,97,98,99,100,101,102,103,104,105,106,107,108,109,110,111,112,113,114,115,116,117,118,119,120,121,122,123,124,125,126,127,128,129,130,131,132,133,134,135,136,137,138,139,140,141,142,143,144,145,146,147,148,149,150,151,152,153,
16,1,1,1,1,3,1,0,1,2,1,1,2,0,0,1,1,0,1,1,1,1,1,1,0,1,1,0,3,0,0,1,0,1,0,0,0,1,1,0,3,1,1,1,1,1,1,0,1,1,1,2,0,1,1,1,0,1,1,1,1,1,2,1,0,0,1,0,0,1,0,0,2,1,1,1,1,0,1,1,0,2,0,0,1,0,1,1,1,2,2,0,2,2,0,2,2,0,1,0,0,0,3,1,1,0,0,1,1,1,1,1,1,3,1,0,0,2,0,1,2,2,3,1,0,1,0,2,2,1,1,1,0,0,0,0,2,1,3,1,2,1,2,2,1,1,1,2,3,1,2,1,3,
21,6,1,1,2,1,1,1,0,4,1,1,1,1,0,3,2,1,1,0,1,1,2,2,1,0,0,1,0,0,0,0,2,1,0,0,0,0,0,1,0,1,0,0,0,0,0,2,1,1,2,1,2,0,2,1,1,1,1,0,0,1,0,2,0,0,1,1,1,1,0,0,1,0,1,0,3,0,1,0,0,1,0,1,1,3,3,1,1,1,0,1,1,1,1,1,0,3,1,0,1,1,0,1,0,2,1,1,1,1,4,0,1,1,0,0,1,2,1,0,1,1,0,0,2,2,1,2,1,1,2,2,0,0,2,1,2,2,1,2,1,3,1,1,1,2,2,2,2,1,1,1,3,
31,1,6,1,0,2,2,1,2,1,1,1,0,1,2,0,1,2,2,0,1,0,0,1,1,0,1,0,1,1,1,3,1,1,0,0,4,1,1,2,0,0,0,0,2,0,2,0,0,1,0,0,0,1,1,1,2,0,0,0,2,2,0,1,1,3,0,0,0,1,0,1,3,1,0,0,1,1,0,1,0,1,0,2,0,0,2,3,1,1,0,1,2,2,1,1,0,0,1,1,0,0,0,1,3,0,2,1,1,2,1,0,0,2,1,1,0,1,0,2,1,2,0,0,0,2,1,1,1,1,0,3,1,0,0,2,2,1,1,3,1,1,2,2,3,1,2,1,1,4,1,1,1,
41,1,1,6,1,1,1,2,2,2,2,2,1,1,1,0,0,1,1,0,1,1,0,0,0,2,0,1,2,0,2,2,1,0,1,1,1,1,0,0,1,2,0,0,0,0,1,2,0,1,1,1,1,0,0,1,1,0,0,1,0,0,1,0,0,0,0,1,1,0,0,1,1,2,1,4,2,1,0,1,0,0,0,0,0,1,1,0,2,3,0,1,2,2,0,2,0,0,2,1,0,0,1,1,0,2,0,1,2,0,1,2,1,2,2,1,2,1,2,0,0,0,0,1,0,3,0,1,2,1,2,1,0,1,0,0,2,2,2,1,2,2,3,2,1,3,1,1,1,1,3,4,1,
51,2,0,1,6,1,0,1,1,1,3,2,1,1,1,2,2,1,2,1,1,0,2,2,0,0,0,0,0,0,0,1,1,0,2,0,0,2,1,0,0,2,0,1,0,1,0,2,1,0,2,1,1,0,1,1,0,1,0,1,1,2,0,0,1,0,0,0,1,1,0,0,2,0,3,2,1,0,0,0,1,1,0,1,2,2,1,0,1,1,1,1,0,1,0,2,0,2,0,0,1,1,1,0,0,1,1,2,1,1,1,0,3,0,1,0,0,2,2,1,2,0,1,0,1,0,0,2,1,1,2,0,1,0,1,1,1,2,0,2,1,1,1,0,1,1,2,1,2,0,1,1,1,
63,1,2,1,1,6,1,0,1,1,1,2,0,1,1,0,2,0,2,1,2,1,2,1,0,1,0,0,0,2,1,1,0,0,0,1,0,1,1,2,0,0,1,0,1,0,1,1,1,0,1,1,1,0,1,0,1,1,2,1,1,1,0,1,1,2,0,0,1,1,2,0,2,2,1,1,1,1,0,1,0,0,2,1,1,0,1,0,1,1,1,0,3,2,1,0,0,0,2,1,2,0,1,1,0,1,0,0,1,2,1,0,1,2,2,0,0,2,0,1,1,0,2,1,0,1,2,1,3,0,1,1,0,0,2,0,1,2,2,2,2,1,1,3,1,1,2,3,2,2,2,1,1,
71,1,2,1,0,1,6,1,1,1,1,0,0,0,0,0,0,0,1,1,0,0,0,1,1,1,1,2,0,0,1,1,0,0,1,1,1,0,1,0,0,1,1,2,0,2,0,0,1,2,0,0,1,1,1,0,1,1,0,0,1,1,2,1,1,0,2,1,1,1,0,2,2,0,1,0,2,0,0,1,2,2,1,0,1,0,2,0,0,1,1,1,2,2,0,0,1,2,2,2,1,1,0,1,1,0,1,2,1,0,2,1,0,2,0,0,1,1,1,1,1,0,0,1,1,1,1,1,1,2,0,3,2,2,0,1,2,2,2,2,1,3,1,2,3,1,1,3,1,2,1,2,2,
80,1,1,2,1,0,1,6,1,1,1,2,3,0,2,0,1,1,1,0,2,0,0,0,0,1,2,2,2,0,2,1,0,1,1,0,1,0,0,2,0,0,1,0,2,1,0,0,0,2,1,0,1,1,1,2,1,2,0,0,0,0,1,1,0,1,0,1,0,2,1,2,0,2,1,2,1,1,1,2,1,0,0,2,0,0,0,2,0,2,1,2,0,0,1,2,1,1,0,2,0,0,1,1,2,2,0,0,1,0,1,2,1,0,1,2,2,0,2,2,1,1,0,0,1,1,2,0,1,2,0,0,0,0,0,1,1,1,0,1,1,2,0,0,0,2,0,0,1,0,2,1,0,
91,0,2,2,1,1,1,1,6,1,3,1,1,2,2,0,2,1,1,1,1,1,1,1,1,3,1,0,0,1,0,3,1,1,0,1,3,1,0,1,0,1,0,0,0,0,0,1,0,2,0,1,1,0,1,0,2,0,0,2,0,1,0,2,0,0,0,0,0,0,0,0,1,2,2,1,0,1,0,0,1,1,0,0,0,1,1,2,1,3,0,1,1,1,1,2,0,0,1,0,0,1,0,4,1,1,1,1,1,1,0,1,2,1,1,1,0,1,2,0,1,2,0,0,0,1,0,1,2,2,2,2,0,0,1,1,2,1,2,0,2,0,2,1,2,2,1,1,0,3,2,1,0,
102,4,1,2,1,1,1,1,1,6,1,0,1,1,0,3,1,1,0,1,1,0,1,0,1,1,0,1,1,0,0,1,1,1,0,0,1,0,0,1,1,2,0,0,0,1,0,3,0,2,1,1,3,0,1,2,2,1,0,1,0,1,1,1,0,0,2,0,0,1,0,0,1,1,0,0,3,0,1,0,0,2,0,0,1,2,1,2,1,2,0,1,1,1,1,1,1,2,2,0,1,1,1,1,1,1,0,1,2,0,3,0,1,1,0,0,0,1,2,0,2,2,1,0,2,3,1,2,1,1,1,1,0,0,1,0,2,2,2,1,1,3,2,1,1,3,2,1,2,1,1,2,2,
111,1,1,2,3,1,1,1,3,1,6,1,1,0,1,1,1,0,1,0,1,0,2,1,0,1,0,0,0,0,1,1,2,0,1,0,1,1,0,0,0,3,0,0,0,0,0,1,1,1,1,3,1,0,2,2,1,0,0,2,1,2,0,2,1,0,0,1,1,0,0,0,1,1,3,2,2,0,0,0,1,2,0,0,1,1,0,0,1,1,0,1,1,1,0,1,0,1,0,1,1,0,0,2,0,2,1,3,1,0,1,0,4,2,2,0,0,0,2,0,3,0,0,1,0,0,0,2,2,1,2,1,1,0,1,1,1,2,1,1,2,1,1,1,1,1,2,1,0,1,2,1,1,
121,1,1,2,2,2,0,2,1,0,1,6,1,0,1,0,0,0,3,0,2,1,0,3,0,1,0,1,1,1,2,2,1,0,2,1,0,1,1,1,0,0,1,0,0,0,1,0,1,0,3,0,1,0,1,0,1,1,1,0,2,1,0,1,1,1,0,1,2,2,0,0,1,1,1,4,0,2,0,0,1,0,1,2,0,0,1,0,1,1,1,1,1,2,1,1,0,0,0,1,0,1,2,1,1,3,0,0,2,2,1,1,1,0,2,1,3,1,1,1,0,0,1,0,1,1,1,1,2,1,1,1,0,0,1,0,1,1,0,1,1,1,0,0,0,1,1,0,1,1,2,0,1,
132,1,0,1,1,0,0,3,1,1,1,1,6,1,1,1,1,0,0,0,2,2,0,0,0,0,1,0,2,1,1,0,0,2,0,0,1,0,2,2,2,1,2,2,2,0,2,0,1,2,1,1,0,1,0,1,1,3,2,1,1,0,1,1,0,1,1,1,0,1,1,1,0,0,1,1,2,1,2,1,0,1,0,1,1,0,0,1,1,3,3,2,0,0,1,3,2,2,0,1,0,0,2,1,0,2,0,1,1,1,0,1,1,1,3,0,1,1,2,2,0,2,1,1,1,0,1,1,1,2,0,0,1,0,0,1,0,1,1,0,2,0,1,1,0,2,0,0,2,0,1,0,2,
140,1,1,1,1,1,0,0,2,1,0,0,1,6,0,2,2,3,1,1,1,3,2,1,2,2,1,0,0,3,0,2,2,0,0,1,3,0,1,1,0,1,0,1,2,0,2,1,1,1,0,0,1,0,0,0,1,1,2,2,1,1,0,0,0,3,1,1,0,0,1,1,1,2,1,0,1,2,0,0,1,0,1,0,0,2,1,2,2,2,1,2,0,0,1,2,0,2,1,0,1,1,1,2,1,0,2,0,0,1,0,1,0,1,2,1,1,3,1,0,0,2,1,0,0,2,0,0,0,0,2,0,2,0,2,2,2,1,1,1,1,0,1,1,2,1,0,2,2,1,0,1,0,
150,0,2,1,1,1,0,2,2,0,1,1,1,0,6,0,1,2,0,2,0,0,0,0,1,0,1,0,1,0,1,1,0,3,0,1,2,3,0,1,0,0,1,1,1,1,0,1,0,0,0,1,1,2,2,1,0,1,1,1,0,0,0,0,1,1,0,2,1,2,2,0,0,1,1,1,0,1,1,2,0,1,1,2,1,1,2,2,0,1,0,1,0,1,2,2,1,0,1,0,1,0,1,0,2,2,0,0,1,1,1,0,2,0,1,3,0,0,1,1,1,1,0,2,0,0,2,0,2,2,0,2,0,0,1,1,0,1,1,1,2,0,1,1,0,1,2,0,0,1,3,0,0,
161,3,0,0,2,0,0,0,0,3,1,0,1,2,0,6,1,1,1,1,0,1,2,2,1,0,1,1,1,2,0,0,1,0,1,0,1,0,1,1,2,1,0,1,0,1,2,2,0,1,0,1,2,1,1,2,1,1,1,1,0,1,1,1,1,1,3,1,0,0,1,0,0,1,1,0,2,1,1,0,1,2,0,0,1,3,1,1,1,0,2,2,0,0,0,1,1,3,1,0,1,1,2,0,1,0,2,1,2,0,2,1,2,0,1,0,1,3,2,0,2,1,1,0,1,1,1,2,0,1,1,0,1,1,1,1,2,2,0,1,2,2,0,0,0,1,1,1,3,1,0,0,1,
171,2,1,0,2,2,0,1,2,1,1,0,1,2,1,1,6,1,1,1,1,1,3,1,0,1,0,0,0,1,0,1,0,2,1,0,1,2,1,3,0,0,0,1,1,1,0,1,1,1,2,1,0,0,1,0,1,1,1,1,0,0,0,2,0,1,0,0,0,1,1,0,1,2,2,0,1,0,1,0,0,0,1,1,1,1,2,2,1,0,0,0,1,0,1,1,0,2,0,0,1,1,0,1,1,1,1,1,0,3,0,0,1,1,1,0,0,1,0,1,1,2,1,0,2,0,1,0,1,1,3,1,0,0,1,1,1,1,1,1,1,0,2,1,1,1,1,3,1,1,1,1,0,
180,1,2,1,1,0,0,1,1,1,0,0,0,3,2,1,1,6,1,0,0,0,1,1,3,1,1,0,1,0,0,2,1,2,0,1,3,1,1,0,0,1,0,1,2,0,1,1,1,1,0,0,1,2,2,1,1,1,0,1,1,2,0,0,0,2,1,1,0,2,2,1,1,2,2,0,0,1,2,2,0,0,0,2,0,2,1,2,2,1,0,1,0,0,1,3,1,1,1,0,0,1,1,1,2,0,3,0,0,0,1,0,0,1,0,3,0,1,1,1,1,1,1,0,0,2,1,0,1,0,2,1,2,0,0,2,1,0,1,2,1,0,1,0,1,2,0,1,1,0,1,1,0,
191,1,2,1,2,2,1,1,1,0,1,3,0,1,0,1,1,1,6,0,2,0,2,3,0,1,1,2,1,2,2,3,0,0,1,0,1,1,1,1,1,0,0,0,1,1,1,0,0,1,1,0,0,0,0,0,3,1,1,0,1,2,0,2,1,2,0,0,0,1,0,0,3,1,1,2,0,2,1,0,0,1,1,1,0,1,1,0,3,0,1,0,1,2,2,1,0,1,0,1,1,0,2,1,0,0,3,1,1,1,0,1,0,0,1,1,1,2,0,1,0,0,2,0,1,1,1,2,0,0,1,1,0,1,0,3,3,0,0,2,0,1,0,1,1,0,0,1,2,2,1,0,0,
201,0,0,0,1,1,1,0,1,1,0,0,0,1,2,1,1,0,0,6,1,1,0,0,1,1,1,0,1,1,2,0,1,1,1,3,0,2,2,0,1,0,1,1,0,4,0,2,0,0,1,1,1,2,0,1,0,1,1,1,0,0,1,0,2,0,1,1,1,1,1,0,1,0,0,0,0,2,0,1,1,2,1,1,3,1,2,2,0,1,1,0,0,1,2,0,3,1,1,0,2,2,1,1,1,1,0,1,1,1,0,1,1,1,0,2,0,1,0,2,1,2,1,2,1,0,1,0,1,0,1,1,1,1,2,1,2,0,2,0,0,1,1,1,3,0,1,0,1,1,1,1,0,
211,1,1,1,1,2,0,2,1,1,1,2,2,1,0,0,1,0,2,1,6,1,0,1,1,1,1,0,0,2,3,1,2,1,0,1,0,2,1,3,0,1,1,0,1,0,1,0,0,1,3,1,0,0,0,2,2,3,0,0,1,1,0,1,1,1,0,1,0,2,1,1,1,0,0,2,2,2,1,0,1,0,0,2,0,1,0,2,2,2,2,0,1,1,3,0,1,1,0,3,0,1,1,2,0,2,0,1,1,1,0,1,0,1,2,1,0,2,1,2,0,2,1,1,1,0,2,1,0,0,1,0,0,0,1,1,1,0,0,1,0,0,1,0,1,1,0,0,2,2,0,1,0,
221,1,0,1,0,1,0,0,1,0,0,1,2,3,0,1,1,0,0,1,1,6,1,1,1,1,1,0,2,3,0,0,2,0,0,2,1,0,1,1,2,0,0,2,2,0,2,1,2,1,1,1,0,1,1,0,0,1,4,1,1,0,2,1,0,2,1,2,2,0,1,1,0,1,0,1,1,2,0,2,1,1,1,1,0,2,1,1,1,1,2,1,1,1,1,1,0,1,0,0,1,1,2,2,0,1,0,0,1,3,1,2,0,1,2,1,3,2,0,1,0,1,2,1,0,0,0,1,0,1,1,1,1,1,3,0,1,1,0,0,1,0,1,2,1,0,0,1,1,1,0,1,2,
231,2,0,0,2,2,0,0,1,1,2,0,0,2,0,2,3,1,2,0,0,1,6,1,1,1,1,2,0,2,0,0,2,0,1,0,0,0,0,1,1,1,0,0,2,1,0,1,2,0,0,1,1,0,1,2,1,0,2,2,1,0,0,2,1,2,1,0,1,0,1,0,1,2,3,0,0,0,1,0,1,0,2,0,2,2,1,0,2,0,0,1,1,0,1,1,0,1,0,0,4,1,0,1,0,0,2,0,1,1,1,0,2,1,1,0,0,1,0,0,2,0,2,0,2,1,0,1,1,1,2,0,1,1,3,2,1,1,1,2,1,1,0,1,0,0,1,3,1,0,1,0,0,
241,2,1,0,2,1,1,0,1,0,1,3,0,1,0,2,1,1,3,0,1,1,1,6,0,0,1,0,0,1,0,2,1,0,2,1,1,1,0,1,1,0,1,0,0,0,1,0,1,2,3,0,1,1,1,0,2,1,1,0,1,2,0,3,1,0,0,1,2,2,1,0,2,1,1,2,0,0,1,0,2,1,1,1,0,1,2,0,1,0,2,0,0,3,0,1,0,1,1,0,0,1,1,2,1,2,3,1,0,1,1,1,1,0,0,0,2,3,1,0,0,0,1,0,1,0,1,2,1,0,2,2,0,1,1,2,2,1,0,1,1,0,0,1,1,1,1,1,2,2,0,0,1,
250,1,1,0,0,0,1,0,1,1,0,0,0,2,1,1,0,3,0,1,1,1,1,0,6,1,1,1,0,1,0,1,3,2,1,2,1,1,1,0,0,1,0,2,1,0,1,1,1,0,0,0,1,1,1,1,0,1,0,0,2,2,0,0,0,1,3,1,1,1,2,1,1,0,2,0,1,2,2,1,1,0,1,1,1,3,0,2,0,1,0,2,0,0,2,0,1,0,1,0,1,3,1,1,1,0,2,1,2,0,2,1,0,1,0,3,0,1,0,0,1,2,1,0,1,2,1,1,1,2,0,1,2,1,2,1,1,1,0,0,1,1,0,0,2,1,0,1,0,1,1,0,0,
261,0,0,2,0,1,1,1,3,1,1,1,0,2,0,0,1,1,1,1,1,1,1,0,1,6,1,3,1,1,1,2,1,0,1,1,1,0,0,0,0,1,2,1,0,0,0,1,1,1,0,2,1,0,2,0,1,0,0,3,0,1,2,1,1,0,1,0,0,0,0,2,0,3,1,1,0,2,0,0,2,1,1,0,0,1,0,1,1,2,0,1,3,0,1,1,0,1,2,2,0,2,1,3,0,0,0,0,0,0,0,2,1,1,0,2,1,1,2,0,1,1,0,2,1,3,0,0,1,0,2,0,1,1,1,0,2,0,2,1,1,1,1,0,1,1,0,2,0,1,2,1,1,
271,0,1,0,0,0,1,2,1,0,0,0,1,1,1,1,0,1,1,1,1,1,1,1,1,1,6,2,2,3,0,0,1,1,1,1,1,0,1,1,3,1,1,0,2,2,2,0,1,2,0,0,1,2,1,1,2,0,1,0,0,0,1,2,1,2,0,1,0,1,1,1,1,2,0,0,0,1,3,2,3,0,1,1,1,1,0,2,1,2,1,1,0,0,2,2,1,0,1,1,1,1,0,1,2,0,2,1,0,0,1,4,1,0,1,2,1,2,1,1,1,2,1,0,1,0,2,1,0,1,0,0,0,2,1,1,1,1,1,1,1,1,0,1,1,1,0,0,0,2,0,1,1,
280,1,0,1,0,0,2,2,0,1,0,1,0,0,0,1,0,0,2,0,0,0,2,0,1,3,2,6,1,1,1,1,1,0,1,0,0,0,0,0,1,0,2,1,1,2,0,1,1,1,0,1,2,0,1,1,1,0,1,1,0,1,3,1,1,1,2,1,0,0,0,3,1,1,0,1,0,1,1,1,2,1,2,0,1,1,0,0,1,0,0,3,2,0,1,0,0,1,1,3,2,2,1,0,1,0,1,0,1,0,2,2,0,0,0,1,2,0,1,0,0,0,1,2,3,3,1,1,0,2,0,0,1,2,1,1,1,0,0,1,0,3,0,0,0,0,0,1,0,0,1,1,1,
293,0,1,2,0,0,0,2,0,1,0,1,2,0,1,1,0,1,1,1,0,2,0,0,0,1,2,1,6,0,1,1,0,1,1,1,1,0,1,0,4,1,1,1,2,1,2,1,1,1,0,1,0,2,1,2,0,0,1,0,1,0,3,0,0,1,1,0,1,1,0,1,0,2,0,2,0,1,1,3,0,2,0,1,1,1,0,2,1,1,1,0,1,1,0,3,2,0,0,0,0,0,3,0,2,0,0,1,2,1,0,3,0,1,1,2,2,0,0,2,2,2,2,1,0,1,0,2,0,1,0,0,0,1,0,0,2,0,1,1,0,1,1,2,0,0,0,0,1,0,1,1,2,
300,0,1,0,0,2,0,0,1,0,0,1,1,3,0,2,1,0,2,1,2,3,2,1,1,1,3,1,0,6,1,0,1,0,1,1,1,0,2,3,2,0,0,1,2,1,3,0,1,1,0,0,0,1,0,0,3,1,3,1,1,0,0,2,2,4,1,1,0,0,2,0,1,2,0,0,1,3,2,0,2,0,2,1,0,1,0,1,2,1,2,1,1,0,3,0,0,1,1,1,2,1,1,1,0,0,2,0,1,2,0,2,1,0,3,1,1,3,1,1,0,1,2,0,1,0,2,0,0,0,0,0,1,2,2,1,1,2,0,1,2,0,0,1,1,1,0,1,1,3,0,0,0,
310,0,1,2,0,1,1,2,0,0,1,2,1,0,1,0,0,0,2,2,3,0,0,0,0,1,0,1,1,1,6,1,1,1,1,1,0,2,2,2,0,1,1,0,1,2,1,0,0,0,1,2,0,2,0,2,1,2,0,1,1,0,0,0,3,1,0,2,0,1,1,1,0,1,0,2,1,3,0,0,0,1,0,2,1,0,2,0,2,1,2,0,1,1,2,0,3,1,0,3,1,0,1,1,0,1,0,1,1,1,0,1,1,2,2,2,1,0,1,3,0,0,0,2,0,1,1,0,0,0,1,1,1,1,0,2,1,0,2,1,0,2,1,0,1,0,0,0,1,1,2,1,0,
321,0,3,2,1,1,1,1,3,1,1,2,0,2,1,0,1,2,3,0,1,0,0,2,1,2,0,1,1,0,1,6,1,1,1,0,4,2,0,1,0,1,0,0,1,0,1,1,0,2,1,0,1,0,0,0,2,1,0,1,1,3,0,1,0,1,0,0,0,1,0,1,3,2,0,2,0,1,0,0,0,1,0,0,0,0,1,2,1,1,1,1,0,2,0,1,0,0,1,0,0,0,2,2,2,0,2,1,0,1,0,1,0,1,0,1,1,1,1,0,0,2,1,0,0,3,0,2,0,1,1,2,1,0,0,2,2,0,1,0,0,1,2,1,2,1,1,0,1,2,1,1,0,
330,2,1,1,1,0,0,0,1,1,2,1,0,2,0,1,0,1,0,1,2,2,2,1,3,1,1,1,0,1,1,1,6,0,1,1,1,1,0,0,0,2,0,0,1,0,1,1,2,0,2,1,1,0,1,3,0,0,1,1,2,1,0,1,1,1,1,2,2,0,0,1,1,0,1,1,1,1,0,0,2,0,0,1,2,2,1,2,1,1,0,2,0,0,1,0,0,0,0,1,2,2,0,2,1,2,1,1,1,1,2,1,1,2,1,1,1,1,0,0,1,2,0,1,1,2,0,1,0,1,2,1,2,0,4,1,1,0,0,1,0,1,1,0,2,0,1,0,0,1,0,1,1,
341,1,1,0,0,0,0,1,1,1,0,0,2,0,3,0,2,2,0,1,1,0,0,0,2,0,1,0,1,0,1,1,0,6,0,1,1,3,2,2,1,1,1,1,0,1,1,0,2,1,1,1,0,2,1,0,1,2,0,1,0,1,0,1,1,0,1,2,0,2,2,0,0,0,1,0,1,2,4,1,0,1,0,1,1,1,2,2,0,1,0,0,0,1,3,1,3,1,0,0,0,1,1,0,1,1,1,1,0,1,1,1,1,0,1,3,0,0,0,0,0,3,1,1,1,0,2,1,1,1,0,2,1,0,0,1,0,0,2,0,1,0,1,1,0,2,1,0,0,1,2,0,1,
350,0,0,1,2,0,1,1,0,0,1,2,0,0,0,1,1,0,1,1,0,0,1,2,1,1,1,1,1,1,1,1,1,0,6,1,0,1,1,1,1,2,1,2,0,1,1,1,1,1,2,0,1,1,0,1,1,0,0,1,3,0,0,1,2,0,1,0,3,1,1,0,1,2,2,2,1,1,1,0,3,0,2,1,2,0,0,0,0,0,1,0,0,1,0,0,0,0,2,0,1,2,1,0,1,1,1,2,1,1,0,2,2,0,0,1,2,1,1,1,2,0,0,0,2,1,1,0,1,1,1,0,1,2,1,0,1,2,0,1,1,1,1,0,1,1,2,1,0,1,1,1,0,
360,0,0,1,0,1,1,0,1,0,0,1,0,1,1,0,0,1,0,3,1,2,0,1,2,1,1,0,1,1,1,0,1,1,1,6,0,0,2,0,1,0,2,0,0,1,1,2,1,0,1,0,2,2,0,0,0,1,1,0,1,1,1,0,1,0,1,0,3,2,2,1,0,0,1,2,0,2,1,3,2,0,2,0,2,2,1,1,0,1,1,0,1,2,1,0,2,1,1,0,2,3,0,1,1,2,1,0,1,0,0,2,0,1,0,2,2,1,0,1,0,1,1,1,1,0,1,1,3,0,0,1,2,2,2,0,1,0,1,0,0,1,0,2,2,1,2,0,0,1,0,1,0,
370,0,4,1,0,0,1,1,3,1,1,0,1,3,2,1,1,3,1,0,0,1,0,1,1,1,1,0,1,1,0,4,1,1,0,0,6,1,1,1,0,1,0,1,2,0,2,1,0,2,0,0,1,1,1,1,2,1,1,2,1,2,0,1,0,3,1,1,0,1,0,1,2,2,0,0,1,1,0,1,0,1,0,1,0,0,1,3,1,1,1,2,0,1,0,2,0,1,1,0,0,0,1,2,3,0,2,1,0,1,0,0,0,1,1,1,1,1,1,1,1,2,0,0,0,2,0,1,0,1,1,2,2,0,0,2,1,0,1,1,1,0,2,1,2,1,1,0,1,2,0,1,0,
381,0,1,1,2,1,0,0,1,0,1,1,0,0,3,0,2,1,1,2,2,0,0,1,1,0,0,0,0,0,2,2,1,3,1,0,1,6,1,1,0,1,0,2,0,2,0,1,0,0,3,2,0,1,1,1,0,2,0,1,0,1,0,0,1,0,0,3,0,2,1,0,2,0,0,2,1,1,1,0,0,1,0,2,1,1,2,1,1,0,1,0,0,2,2,0,1,0,0,1,0,1,2,0,1,1,0,2,0,2,1,0,1,1,1,2,0,1,0,1,0,1,1,2,1,0,1,1,0,1,2,2,0,0,0,1,0,0,1,0,1,0,3,0,1,0,1,0,1,1,2,2,0,
391,0,1,0,1,1,1,0,0,0,0,1,2,1,0,1,1,1,1,2,1,1,0,0,1,0,1,0,1,2,2,0,0,2,1,2,1,1,6,1,1,1,1,2,0,2,3,1,2,0,1,0,0,2,0,0,1,2,1,1,1,1,0,0,2,2,2,1,0,1,1,0,1,0,1,0,1,3,2,1,0,0,0,2,3,0,1,0,1,1,2,1,1,0,1,1,3,2,0,1,1,2,1,0,0,0,1,2,1,2,0,1,0,1,3,1,1,1,0,3,0,1,1,0,1,0,1,1,1,0,1,1,3,1,0,0,0,0,2,1,1,1,1,1,2,1,0,0,1,1,0,1,1,
400,1,2,0,0,2,0,2,1,1,0,1,2,1,1,1,3,0,1,0,3,1,1,1,0,0,1,0,0,3,2,1,0,2,1,0,1,1,1,6,1,0,1,0,2,0,2,0,1,2,1,0,0,1,0,1,3,2,1,0,1,0,0,2,2,2,0,0,0,1,3,1,0,2,0,0,1,1,2,0,1,0,1,2,0,0,1,2,1,1,2,0,1,0,2,0,1,1,1,2,1,0,0,1,1,1,1,0,1,3,0,1,1,0,2,0,0,1,2,2,0,2,1,0,1,0,3,0,0,1,0,1,0,1,1,1,0,2,0,1,1,0,1,1,0,2,1,1,1,3,0,0,0,
413,0,0,1,0,0,0,0,0,1,0,0,2,0,0,2,0,0,1,1,0,2,1,1,0,0,3,1,4,2,0,0,0,1,1,1,0,0,1,1,6,1,1,1,2,2,3,1,1,2,0,1,0,2,0,1,2,0,2,0,1,0,3,2,1,1,1,0,1,0,1,1,1,1,0,1,0,0,3,2,1,2,1,0,1,1,0,1,2,1,2,0,1,1,1,2,2,0,1,0,1,0,2,0,1,0,2,1,2,1,0,3,1,1,1,0,1,1,1,1,1,2,3,1,1,0,1,2,0,1,0,0,0,3,0,1,1,1,1,0,1,0,1,2,0,1,0,0,1,1,0,1,2,
421,1,0,2,2,0,1,0,1,2,3,0,1,1,0,1,0,1,0,0,1,0,1,0,1,1,1,0,1,0,1,1,2,1,2,0,1,1,1,0,1,6,1,1,0,0,1,2,2,1,1,2,2,0,1,2,1,0,0,2,2,1,0,0,1,0,1,1,2,0,0,0,0,1,2,1,3,0,1,0,1,1,1,0,2,1,0,0,2,2,0,0,0,0,0,2,1,1,2,1,1,0,0,1,0,1,0,4,1,0,1,1,2,1,2,0,0,0,2,0,3,1,0,1,0,1,0,2,0,1,2,0,1,1,1,0,0,2,2,1,0,1,2,1,0,1,2,1,0,0,0,2,2,
431,0,0,0,0,1,1,1,0,0,0,1,2,0,1,0,0,0,0,1,1,0,0,1,0,2,1,2,1,0,1,0,0,1,1,2,0,0,1,1,1,1,6,1,1,0,1,1,2,0,1,1,2,0,1,1,0,1,1,1,1,1,2,0,1,0,1,0,2,1,2,3,0,0,0,1,0,0,1,1,2,1,3,1,2,0,0,0,0,2,1,1,2,1,0,1,2,1,2,3,1,2,0,1,1,2,0,1,0,0,0,1,0,0,1,0,1,0,2,1,0,1,0,3,2,1,1,1,2,0,0,0,1,1,1,1,0,0,1,1,0,0,0,2,0,0,2,1,1,0,0,0,2,
441,0,0,0,1,0,2,0,0,0,0,0,2,1,1,1,1,1,0,1,0,2,0,0,2,1,0,1,1,1,0,0,0,1,2,0,1,2,2,0,1,1,1,6,1,1,1,1,1,1,1,1,0,1,2,0,0,2,2,1,2,0,2,0,0,1,3,2,1,1,1,1,1,0,1,0,2,1,1,1,1,2,1,2,1,1,0,0,1,0,2,1,1,0,1,1,0,2,1,1,0,2,3,0,0,0,0,2,1,2,1,0,0,1,1,1,1,1,1,2,1,0,1,2,2,0,1,0,0,2,1,1,2,1,0,0,0,1,0,1,2,0,2,0,1,0,0,2,1,0,1,1,2,
451,0,2,0,0,1,0,2,0,0,0,0,2,2,1,0,1,2,1,0,1,2,2,0,1,0,2,1,2,2,1,1,1,0,0,0,2,0,0,2,2,0,1,1,6,1,1,0,1,1,0,1,0,2,1,2,1,1,3,0,2,1,1,1,0,4,0,0,0,1,2,2,2,2,0,0,0,0,1,2,0,1,2,2,0,0,0,2,2,1,2,1,0,0,1,2,1,0,0,1,2,0,1,1,2,0,2,0,0,2,0,0,0,2,1,1,0,0,1,3,1,1,3,1,1,1,0,0,0,1,0,0,1,1,1,3,0,1,0,1,0,0,1,1,1,0,0,1,1,0,0,0,1,
461,0,0,0,1,0,2,1,0,1,0,0,0,0,1,1,1,0,1,4,0,0,1,0,0,0,2,2,1,1,2,0,0,1,1,1,0,2,2,0,2,0,0,1,1,6,0,1,0,1,1,1,1,2,0,1,1,1,1,1,0,0,2,1,2,1,1,2,0,1,0,1,2,0,0,0,0,1,1,1,1,2,1,1,2,0,2,1,1,0,1,1,0,1,2,0,3,1,0,1,2,1,1,0,2,0,1,1,1,1,1,1,1,1,0,1,1,0,0,2,1,1,2,1,2,0,1,0,0,1,1,1,1,2,0,2,1,0,2,0,0,2,1,0,2,0,0,0,1,0,1,2,0,
471,0,2,1,0,1,0,0,0,0,0,1,2,2,0,2,0,1,1,0,1,2,0,1,1,0,2,0,2,3,1,1,1,1,1,1,2,0,3,2,3,1,1,1,1,0,6,1,1,1,0,0,0,1,0,0,2,1,1,1,2,1,1,1,2,3,1,1,1,0,1,2,1,1,0,1,1,2,2,1,1,0,0,1,1,1,0,1,1,1,2,2,2,1,1,1,1,1,1,1,0,0,1,0,1,0,2,1,2,1,0,3,1,1,3,0,2,2,1,1,0,2,0,0,0,1,2,2,0,0,0,0,2,2,0,1,0,1,1,1,2,0,0,2,1,1,0,0,1,2,0,1,1,
480,2,0,2,2,1,0,0,1,3,1,0,0,1,1,2,1,1,0,2,0,1,1,0,1,1,0,1,1,0,0,1,1,0,1,2,1,1,1,0,1,2,1,1,0,1,1,6,0,1,1,1,4,0,1,1,1,0,1,1,0,1,1,0,0,0,1,0,2,0,1,1,1,1,0,1,1,0,0,2,0,1,1,1,3,3,0,0,1,1,0,1,1,1,0,1,0,1,2,0,2,2,0,1,0,1,0,2,2,1,2,1,1,0,0,0,1,0,2,1,1,0,0,1,2,2,1,3,1,1,2,0,0,1,2,0,0,1,1,0,0,2,2,2,1,1,2,0,0,0,0,3,1,
491,1,0,0,1,1,1,0,0,0,1,1,1,1,0,0,1,1,0,0,0,2,2,1,1,1,1,1,1,1,0,0,2,2,1,1,0,0,2,1,1,2,2,1,1,0,1,0,6,0,1,0,0,1,2,1,0,0,2,1,1,1,1,1,1,1,2,1,2,0,2,1,0,1,2,0,0,1,2,1,2,1,1,1,2,0,1,0,0,1,0,0,1,0,0,1,2,1,0,1,2,2,0,1,0,1,1,1,0,2,1,1,1,0,2,1,1,0,1,0,1,1,2,1,1,0,0,1,1,0,1,1,3,0,3,0,0,1,1,2,0,0,0,2,0,1,1,2,0,0,0,0,3,
501,1,1,1,0,0,2,2,2,2,1,0,2,1,0,1,1,1,1,0,1,1,0,2,0,1,2,1,1,1,0,2,0,1,1,0,2,0,0,2,2,1,0,1,1,1,1,1,0,6,1,1,2,2,0,0,4,1,1,1,1,1,2,3,1,0,0,1,0,1,1,1,1,2,0,0,1,0,2,2,2,2,0,0,0,0,0,1,2,1,2,1,0,1,1,2,0,1,2,1,0,0,1,2,1,1,2,1,0,1,1,2,1,1,0,0,1,1,2,1,0,1,1,1,1,1,3,1,0,2,1,1,0,1,0,1,1,1,1,0,1,1,2,1,1,3,0,0,0,2,0,2,1,
511,2,0,1,2,1,0,1,0,1,1,3,1,0,0,0,2,0,1,1,3,1,0,3,0,0,0,0,0,0,1,1,2,1,2,1,0,3,1,1,0,1,1,1,0,1,0,1,1,1,6,1,1,0,1,1,1,2,1,0,1,1,0,2,0,0,0,2,2,3,0,0,2,0,0,3,2,0,1,0,1,0,1,2,1,0,1,1,1,0,1,0,0,2,1,0,0,1,0,1,0,2,1,1,1,4,0,2,0,2,1,0,0,1,1,0,2,1,0,1,0,1,1,1,3,0,1,1,1,0,3,1,0,0,1,0,0,0,0,0,0,0,2,0,1,1,1,0,1,0,0,2,1,
522,1,0,1,1,1,0,0,1,1,3,0,1,0,1,1,1,0,0,1,1,1,1,0,0,2,0,1,1,0,2,0,1,1,0,0,0,2,0,0,1,2,1,1,1,1,0,1,0,1,1,6,1,2,2,1,0,0,1,3,1,2,2,1,2,0,0,2,0,0,0,1,0,1,1,1,2,1,0,1,0,3,1,0,0,1,1,0,2,0,1,1,2,1,1,1,1,1,1,2,0,0,1,1,0,1,0,2,0,1,1,0,3,3,1,1,0,0,1,1,2,0,1,4,0,1,0,1,1,1,2,0,0,1,0,1,0,1,2,0,1,1,2,0,0,0,1,1,0,0,2,1,2,
530,2,0,1,1,1,1,1,1,3,1,1,0,1,1,2,0,1,0,1,0,0,1,1,1,1,1,2,0,0,0,1,1,0,1,2,1,0,0,0,0,2,2,0,0,1,0,4,0,2,1,1,6,0,1,1,1,0,1,1,1,1,1,0,0,0,1,1,2,1,1,1,0,1,0,1,1,0,0,2,2,1,2,0,2,2,0,0,1,1,0,2,0,1,0,1,0,1,2,1,2,2,0,1,2,2,0,1,1,0,3,1,1,0,0,0,2,0,2,0,1,0,0,1,2,2,2,2,2,2,1,0,0,0,2,0,0,1,1,0,0,3,1,1,0,1,3,0,0,0,0,2,1,
541,0,1,0,0,0,1,1,0,0,0,0,1,0,2,1,0,2,0,2,0,1,0,1,1,0,2,0,2,1,2,0,0,2,1,2,1,1,2,1,2,0,0,1,2,2,1,0,1,2,0,2,0,6,1,1,1,1,1,1,1,1,1,1,3,1,1,1,0,2,2,0,0,2,1,0,0,2,2,3,1,2,0,1,1,0,2,1,1,0,3,0,0,1,1,2,3,1,1,0,1,1,1,0,1,0,2,0,0,1,0,1,2,2,0,3,0,1,1,3,1,0,2,2,0,0,1,0,1,1,0,1,2,2,0,1,0,1,2,1,1,1,1,0,1,2,0,0,0,1,1,0,1,
551,2,1,0,1,1,1,1,1,1,2,1,0,0,2,1,1,2,0,0,0,1,1,1,1,2,1,1,1,0,0,0,1,1,0,0,1,1,0,0,0,1,1,2,1,0,0,1,2,0,1,2,1,1,6,1,0,1,1,1,0,1,1,2,0,1,1,2,1,2,1,1,0,2,1,0,1,0,1,1,1,2,0,3,0,2,1,1,0,0,0,0,2,0,1,1,0,2,0,1,0,1,1,2,1,1,0,1,0,1,3,0,2,1,0,2,1,0,2,1,3,0,0,1,1,0,1,1,1,0,2,2,1,0,1,0,0,1,1,2,2,1,0,0,0,0,1,2,0,0,2,0,3,
561,1,1,1,1,0,0,2,0,2,2,0,1,0,1,2,0,1,0,1,2,0,2,0,1,0,1,1,2,0,2,0,3,0,1,0,1,1,0,1,1,2,1,0,2,1,0,1,1,0,1,1,1,1,1,6,0,1,0,1,1,0,1,0,1,1,2,1,1,1,1,1,0,1,1,1,1,0,0,1,1,1,0,2,2,1,0,2,1,1,1,1,0,0,0,1,2,0,0,2,2,1,1,1,2,1,0,1,2,0,1,0,1,1,1,1,0,0,1,2,3,1,1,1,1,1,0,1,0,1,1,0,1,0,2,1,1,0,0,2,0,1,1,0,0,0,1,0,2,0,0,1,0,
570,1,2,1,0,1,1,1,2,2,1,1,1,1,0,1,1,1,3,0,2,0,1,2,0,1,2,1,0,3,1,2,0,1,1,0,2,0,1,3,2,1,0,0,1,1,2,1,0,4,1,0,1,1,0,0,6,1,1,1,1,1,0,4,2,2,0,0,0,1,1,0,2,2,0,0,1,1,3,0,1,1,1,1,0,0,0,1,3,1,1,0,1,1,3,1,0,1,2,1,1,0,0,2,0,1,3,1,1,1,0,1,1,0,1,0,0,1,2,1,0,1,1,0,2,1,3,1,0,0,1,1,0,2,0,2,1,1,1,1,1,0,1,1,1,3,0,0,0,3,0,1,0,
581,1,0,0,1,1,1,2,0,1,0,1,3,1,1,1,1,1,1,1,3,1,0,1,1,0,0,0,0,1,2,1,0,2,0,1,1,2,2,2,0,0,1,2,1,1,1,0,0,1,2,0,0,1,1,1,1,6,1,1,0,1,0,1,1,1,1,2,0,4,2,1,1,0,0,1,2,1,2,0,0,0,0,2,1,1,1,1,0,1,4,1,0,1,2,0,2,3,0,1,1,0,3,1,0,1,0,0,0,0,1,0,0,1,1,1,1,2,1,2,0,1,1,0,1,0,2,1,0,0,0,2,2,1,0,1,0,0,1,0,2,1,0,0,1,1,0,0,3,0,1,0,0,
591,1,0,0,0,2,0,0,0,0,0,1,2,2,1,1,1,0,1,1,0,4,2,1,0,0,1,1,1,3,0,0,1,0,0,1,1,0,1,1,2,0,1,2,3,1,1,1,2,1,1,1,1,1,1,0,1,1,6,1,1,0,1,2,0,3,1,2,2,0,2,0,1,1,0,0,1,1,1,2,0,1,3,1,1,0,1,0,2,0,2,1,0,0,1,1,0,1,1,0,3,0,2,1,0,2,1,0,0,3,1,0,0,1,2,0,2,1,0,1,0,0,3,2,1,0,1,0,1,1,1,1,1,1,3,1,0,1,0,0,1,0,1,2,0,0,1,1,1,0,0,0,2,
601,0,0,1,1,1,0,0,2,1,2,0,1,2,1,1,1,1,0,1,0,1,2,0,0,3,0,1,0,1,1,1,1,1,1,0,2,1,1,0,0,2,1,1,0,1,1,1,1,1,0,3,1,1,1,1,1,1,1,6,1,1,1,1,3,1,1,2,1,0,0,1,0,2,2,0,1,2,0,0,1,1,1,0,1,0,1,0,1,1,1,2,2,1,1,1,1,1,2,1,1,0,1,2,0,0,0,0,0,0,0,0,3,1,1,1,1,1,1,0,2,0,0,2,0,2,0,0,1,0,2,0,2,1,1,1,0,0,3,1,2,0,1,0,0,1,1,1,1,0,2,1,0,
611,0,2,0,1,1,1,0,0,0,1,2,1,1,0,0,0,1,1,0,1,1,1,1,2,0,0,0,1,1,1,1,2,0,3,1,1,0,1,1,1,2,1,2,2,0,2,0,1,1,1,1,1,1,0,1,1,0,1,1,6,1,1,0,2,2,1,0,3,1,0,1,1,0,2,1,1,1,0,1,2,1,2,1,1,0,0,1,2,0,1,1,1,1,1,1,0,0,1,1,1,1,1,0,2,1,1,1,2,2,0,0,1,2,1,0,1,0,0,2,2,1,1,1,1,1,1,0,1,2,0,0,2,1,1,1,0,1,0,2,0,0,1,0,1,0,2,1,0,1,0,0,1,
621,1,2,0,2,1,1,0,1,1,2,1,0,1,0,1,0,2,2,0,1,0,0,2,2,1,0,1,0,0,0,3,1,1,0,1,2,1,1,0,0,1,1,0,1,0,1,1,1,1,1,2,1,1,1,0,1,1,0,1,1,6,1,1,1,1,1,0,0,1,1,2,3,0,1,1,1,1,1,1,0,2,1,0,0,1,0,1,0,0,1,2,1,2,0,0,1,1,1,1,0,1,1,1,1,0,3,2,0,0,1,0,1,1,0,1,0,1,1,0,1,1,2,1,0,2,0,3,1,0,0,1,2,1,0,2,1,1,0,0,0,1,0,1,2,1,1,0,1,1,0,0,1,
632,0,0,1,0,0,2,1,0,1,0,0,1,0,0,1,0,0,0,1,0,2,0,0,0,2,1,3,3,0,0,0,0,0,0,1,0,0,0,0,3,0,2,2,1,2,1,1,1,2,0,2,1,1,1,1,0,0,1,1,1,1,6,0,1,0,2,1,1,0,0,4,0,0,0,1,0,0,0,3,2,3,1,0,0,1,0,1,1,0,1,2,3,1,0,1,1,1,1,3,0,1,2,0,2,0,0,0,2,1,1,2,0,1,0,0,2,0,1,1,1,1,2,3,1,1,1,1,0,2,0,0,1,2,0,0,1,0,0,1,0,1,1,1,0,0,0,1,1,0,0,2,2,
641,2,1,0,0,1,1,1,2,1,2,1,1,0,0,1,2,0,2,0,1,1,2,3,0,1,2,1,0,2,0,1,1,1,1,0,1,0,0,2,2,0,0,0,1,1,1,0,1,3,2,1,0,1,2,0,4,1,2,1,0,1,0,6,1,1,0,1,1,1,1,0,2,2,1,0,1,0,3,0,1,1,1,1,0,0,1,1,1,0,1,0,1,1,2,0,0,1,1,0,1,0,0,3,0,2,3,1,0,1,1,1,2,1,0,0,1,1,1,0,1,1,1,0,2,0,2,1,1,0,2,2,0,2,1,2,1,1,1,0,2,0,0,1,1,2,0,1,0,2,1,0,1,
650,0,1,0,1,1,1,0,0,0,1,1,0,0,1,1,0,0,1,2,1,0,1,1,0,1,1,1,0,2,3,0,1,1,2,1,0,1,2,2,1,1,1,0,0,2,2,0,1,1,0,2,0,3,0,1,2,1,0,3,2,1,1,1,6,1,0,1,1,1,1,1,0,1,1,0,0,2,1,0,2,1,1,1,2,0,2,0,1,0,2,1,2,1,2,0,2,1,2,2,2,0,0,0,0,0,1,0,1,1,0,1,3,1,1,1,0,1,1,2,1,0,0,2,0,1,2,0,0,0,0,1,2,3,1,1,0,1,2,2,1,1,0,0,1,1,1,0,0,2,1,0,0,
660,0,3,0,0,2,0,1,0,0,0,1,1,3,1,1,1,2,2,0,1,2,2,0,1,0,2,1,1,4,1,1,1,0,0,0,3,0,2,2,1,0,0,1,4,1,3,0,1,0,0,0,0,1,1,1,2,1,3,1,2,1,0,1,1,6,1,1,0,1,1,1,2,2,0,0,1,2,1,1,0,0,2,2,0,0,0,2,2,0,1,2,1,0,2,1,0,1,0,1,2,0,1,0,2,0,2,0,1,2,0,0,0,1,3,1,1,1,0,2,1,1,2,0,1,1,1,0,0,0,0,0,2,1,1,2,0,1,0,2,1,0,0,1,1,0,0,1,1,1,0,0,0,
671,1,0,0,0,0,2,0,0,2,0,0,1,1,0,3,0,1,0,1,0,1,1,0,3,1,0,2,1,1,0,0,1,1,1,1,1,0,2,0,1,1,1,3,0,1,1,1,2,0,0,0,1,1,1,2,0,1,1,1,1,1,2,0,0,1,6,1,1,0,1,1,0,0,2,0,2,2,1,1,1,2,1,0,1,1,0,1,0,0,1,2,1,0,0,0,2,2,1,1,1,3,2,0,1,0,1,1,3,0,1,0,0,0,1,1,1,1,1,0,2,1,2,1,2,1,0,1,1,2,0,0,3,1,1,0,1,1,0,1,1,1,0,0,0,1,0,2,2,0,0,0,1,
680,1,0,1,0,0,1,1,0,0,1,1,1,1,2,1,0,1,0,1,1,2,0,1,1,0,1,1,0,1,2,0,2,2,0,0,1,3,1,0,0,1,0,2,0,2,1,0,1,1,2,2,1,1,2,1,0,2,2,2,0,0,1,1,1,1,1,6,1,1,1,1,0,0,0,1,2,2,1,1,1,1,0,2,0,1,2,0,1,0,1,2,0,1,2,0,1,1,0,2,0,0,2,1,1,2,0,1,0,1,3,1,1,1,2,2,3,1,0,0,0,0,0,2,0,0,2,0,0,1,2,2,1,0,1,1,0,0,1,0,2,1,1,0,0,0,0,0,1,0,2,2,1,
690,1,0,1,1,1,1,0,0,0,1,2,0,0,1,0,0,0,0,1,0,2,1,2,1,0,0,0,1,0,0,0,2,0,3,3,0,0,0,0,1,2,2,1,0,0,1,2,2,0,2,0,2,0,1,1,0,0,2,1,3,0,1,1,1,0,1,1,6,1,1,1,0,0,2,2,1,0,0,2,2,0,3,1,2,1,1,0,0,0,0,0,1,2,0,0,0,0,2,0,2,1,0,1,1,3,0,1,2,1,1,1,1,0,0,0,3,0,0,0,2,0,0,1,1,0,1,1,2,1,1,1,1,2,3,0,0,1,0,1,0,0,0,2,0,0,3,1,0,0,0,1,1,
701,1,1,0,1,1,1,2,0,1,0,2,1,0,2,0,1,2,1,1,2,0,0,2,1,0,1,0,1,0,1,1,0,2,1,2,1,2,1,1,0,0,1,1,1,1,0,0,0,1,3,0,1,2,2,1,1,4,0,0,1,1,0,1,1,1,0,1,1,6,1,0,1,1,0,2,1,0,2,1,1,0,1,2,1,1,1,2,0,0,2,0,0,2,2,1,1,2,0,0,1,1,2,0,2,2,0,0,0,0,1,0,0,1,0,2,1,1,0,2,1,1,1,0,2,0,2,1,1,0,0,2,1,1,0,0,0,0,1,1,1,1,0,0,1,1,1,0,1,0,1,0,0,
710,0,0,0,0,2,0,1,0,0,0,0,1,1,2,1,1,2,0,1,1,1,1,1,2,0,1,0,0,2,1,0,0,2,1,2,0,1,1,3,1,0,2,1,2,0,1,1,2,1,0,0,1,2,1,1,1,2,2,0,0,1,0,1,1,1,1,1,1,1,6,1,0,2,1,0,0,1,3,2,1,0,2,2,1,1,0,0,0,1,2,0,0,0,1,0,2,0,2,1,2,1,1,1,0,1,2,0,0,1,1,1,1,0,1,2,0,1,2,1,0,0,2,1,0,0,3,0,2,0,0,1,1,1,2,1,0,2,0,0,2,0,0,2,0,2,1,1,1,1,1,0,0,
720,0,1,1,0,0,2,2,0,0,0,0,1,1,0,0,0,1,0,0,1,1,0,0,1,2,1,3,1,0,1,1,1,0,0,1,1,0,0,1,1,0,3,1,2,1,2,1,1,1,0,1,1,0,1,1,0,1,0,1,1,2,4,0,1,1,1,1,1,0,1,6,1,0,0,1,0,0,0,2,2,1,1,1,0,1,0,1,0,1,1,3,3,1,0,0,1,1,1,4,0,1,0,1,2,0,1,0,1,0,1,2,0,1,0,0,2,0,2,1,0,1,0,2,1,2,1,1,0,1,0,0,2,2,0,2,0,0,0,1,0,1,0,1,1,0,0,1,1,0,0,2,1,
732,1,3,1,2,2,2,0,1,1,1,1,0,1,0,0,1,1,3,1,1,0,1,2,1,0,1,1,0,1,0,3,1,0,1,0,2,2,1,0,1,0,0,1,2,2,1,1,0,1,2,0,0,0,0,0,2,1,1,0,1,3,0,2,0,2,0,0,0,1,0,1,6,0,0,1,1,0,1,0,0,1,1,1,1,0,1,1,1,1,1,1,1,3,1,0,0,0,1,0,1,1,1,1,1,0,3,2,0,1,1,0,0,2,0,0,0,2,0,1,0,1,2,0,2,2,0,2,1,0,1,2,1,1,0,3,2,1,1,1,1,1,2,2,4,1,1,1,2,2,1,2,1,
741,0,1,2,0,2,0,2,2,1,1,1,0,2,1,1,2,2,1,0,0,1,2,1,0,3,2,1,2,2,1,2,0,0,2,0,2,0,0,2,1,1,0,0,2,0,1,1,1,2,0,1,1,2,2,1,2,0,1,2,0,0,0,2,1,2,0,0,0,1,2,0,0,6,1,1,0,1,1,1,1,0,1,1,0,0,0,1,1,1,1,0,1,0,0,2,0,0,2,0,1,0,1,2,1,0,1,0,0,1,0,2,2,1,1,2,1,1,2,1,2,0,1,0,0,2,1,0,1,0,2,0,0,1,1,0,1,2,2,1,2,1,1,1,0,2,0,2,0,1,2,1,0,
751,1,0,1,3,1,1,1,2,0,3,1,1,1,1,1,2,2,1,0,0,0,3,1,2,1,0,0,0,0,0,0,1,1,2,1,0,0,1,0,0,2,0,1,0,0,0,0,2,0,0,1,0,1,1,1,0,0,0,2,2,1,0,1,1,0,2,0,2,0,1,0,0,1,6,1,1,1,1,1,1,0,1,0,1,1,1,0,1,1,0,1,1,0,0,2,1,1,1,0,1,1,0,1,0,1,2,1,2,0,0,0,3,1,1,1,0,1,1,0,3,0,1,0,0,0,0,0,3,2,2,0,2,1,1,1,1,2,1,2,2,0,0,0,0,2,1,3,1,0,2,0,0,
761,0,0,4,2,1,0,2,1,0,2,4,1,0,1,0,0,0,2,0,2,1,0,2,0,1,0,1,2,0,2,2,1,0,2,2,0,2,0,0,1,1,1,0,0,0,1,1,0,0,3,1,1,0,0,1,0,1,0,0,1,1,1,0,0,0,0,1,2,2,0,1,1,1,1,6,1,1,0,1,1,0,1,0,0,1,0,0,1,1,1,1,1,3,0,1,0,0,0,1,0,1,2,0,1,3,0,1,2,0,0,2,1,1,2,1,3,1,1,0,0,0,1,1,1,1,0,2,2,1,1,0,0,1,0,0,1,1,0,0,1,1,1,1,0,1,1,0,1,0,2,2,0,
771,3,1,2,1,1,2,1,0,3,2,0,2,1,0,2,1,0,0,0,2,1,0,0,1,0,0,0,0,1,1,0,1,1,1,0,1,1,1,1,0,3,0,2,0,0,1,1,0,1,2,2,1,0,1,1,1,2,1,1,1,1,0,1,0,1,2,2,1,1,0,0,1,0,1,1,6,1,1,0,0,1,1,0,0,1,1,1,1,1,1,1,1,1,1,0,0,3,2,1,0,0,1,0,0,2,0,3,1,0,2,0,1,2,2,0,1,2,1,0,2,1,0,1,1,1,1,1,1,1,1,1,1,1,0,0,1,3,1,1,2,2,2,1,1,2,2,2,2,1,1,2,2,
780,0,1,1,0,1,0,1,1,0,0,2,1,2,1,1,0,1,2,2,2,2,0,0,2,2,1,1,1,3,3,1,1,2,1,2,1,1,3,1,0,0,0,1,0,1,2,0,1,0,0,1,0,2,0,0,1,1,1,2,1,1,0,0,2,2,2,2,0,0,1,0,0,1,1,1,1,6,1,1,1,1,0,1,0,1,1,1,1,1,1,1,1,1,3,0,2,1,0,1,0,2,2,1,0,0,1,0,1,1,0,2,1,0,2,4,2,2,0,1,0,1,1,1,0,1,1,0,1,0,0,0,2,0,1,1,2,0,1,1,1,1,0,0,1,1,0,0,1,2,2,0,0,
791,1,0,0,0,0,0,1,0,1,0,0,2,0,1,1,1,2,1,0,1,0,1,1,2,0,3,1,1,2,0,0,0,4,1,1,0,1,2,2,3,1,1,1,1,1,2,0,2,2,1,0,0,2,1,0,3,2,1,0,0,1,0,3,1,1,1,1,0,2,3,0,1,1,1,0,1,1,6,1,1,0,1,1,1,1,0,1,1,1,1,0,0,0,3,1,2,1,1,0,1,1,1,0,0,1,3,1,0,0,1,2,1,0,1,2,0,1,1,0,0,2,2,0,2,0,3,1,1,0,0,1,1,2,0,1,0,1,1,0,2,0,0,1,0,3,0,0,0,1,1,0,1,
801,0,1,1,0,1,1,2,0,0,0,0,1,0,2,0,0,2,0,1,0,2,0,0,1,0,2,1,3,0,0,0,0,1,0,3,1,0,1,0,2,0,1,1,2,1,1,2,1,2,0,1,2,3,1,1,0,0,2,0,1,1,3,0,0,1,1,1,2,1,2,2,0,1,1,1,0,1,1,6,1,1,1,1,1,1,0,1,1,0,1,1,1,1,0,2,1,0,1,1,1,1,1,0,2,1,1,0,1,1,1,2,0,1,0,2,2,0,0,2,1,0,2,2,0,0,2,1,2,2,0,0,1,1,1,0,0,0,0,1,0,1,1,2,0,1,1,0,0,0,0,2,1,
810,0,0,0,1,0,2,1,1,0,1,1,0,1,0,1,0,0,0,1,1,1,1,2,1,2,3,2,0,2,0,0,2,0,3,2,0,0,0,1,1,1,2,1,0,1,1,0,2,2,1,0,2,1,1,1,1,0,0,1,2,0,2,1,2,0,1,1,2,1,1,2,0,1,1,1,0,1,1,1,6,1,1,0,1,1,0,1,0,1,1,1,1,1,1,0,0,1,1,2,1,3,0,1,2,1,1,0,0,0,1,3,2,0,0,1,2,2,2,0,1,1,0,1,2,0,2,0,1,1,0,0,2,1,2,0,1,1,0,2,1,1,0,0,1,1,2,1,0,2,0,1,1,
822,1,1,0,1,0,2,0,1,2,2,0,1,0,1,2,0,0,1,2,0,1,0,1,0,1,0,1,2,0,1,1,0,1,0,0,1,1,0,0,2,1,1,2,1,2,0,1,1,2,0,3,1,2,2,1,1,0,1,1,1,2,3,1,1,0,2,1,0,0,0,1,1,0,0,0,1,1,0,1,1,6,0,0,0,1,1,1,1,0,1,0,1,2,1,1,2,2,0,1,0,1,2,1,1,0,1,2,1,1,1,0,2,1,0,1,0,0,2,1,2,1,2,3,1,0,0,2,0,1,0,1,1,0,0,2,2,1,1,1,0,1,1,1,1,0,1,1,1,1,1,0,3,
830,0,0,0,0,2,1,0,0,0,0,1,0,1,1,0,1,0,1,1,0,1,2,1,1,1,1,2,0,2,0,0,0,0,2,2,0,0,0,1,1,1,3,1,2,1,0,1,1,0,1,1,2,0,0,0,1,0,3,1,2,1,1,1,1,2,1,0,3,1,2,1,1,1,1,1,1,0,1,1,1,0,6,0,1,0,0,0,1,0,0,1,1,1,1,0,0,0,3,1,3,1,0,0,1,2,1,1,1,1,0,0,0,0,1,0,1,0,0,0,1,0,2,2,2,1,1,0,2,1,0,0,0,3,2,1,0,2,0,0,0,0,0,2,0,0,2,2,0,0,0,0,0,
840,1,2,0,1,1,0,2,0,0,0,2,1,0,2,0,1,2,1,1,2,1,0,1,1,0,1,0,1,1,2,0,1,1,1,0,1,2,2,2,0,0,1,2,2,1,1,1,1,0,2,0,0,1,3,2,1,2,1,0,1,0,0,1,1,2,0,2,1,2,2,1,1,1,0,0,0,1,1,1,0,0,0,6,1,1,1,1,1,1,1,0,1,0,2,1,1,0,0,2,0,1,1,2,1,1,0,1,1,3,2,0,0,0,1,2,1,0,1,4,1,0,0,0,1,0,2,0,0,0,2,2,0,0,1,1,0,0,0,2,1,0,1,0,1,0,0,0,1,1,1,1,1,
851,1,0,0,2,1,1,0,0,1,1,0,1,0,1,1,1,0,0,3,0,0,2,0,1,0,1,1,1,0,1,0,2,1,2,2,0,1,3,0,1,2,2,1,0,2,1,3,2,0,1,0,2,1,0,2,0,1,1,1,1,0,0,0,2,0,1,0,2,1,1,0,1,0,1,0,0,0,1,1,1,0,1,1,6,1,1,0,0,1,1,1,0,0,0,1,2,1,1,0,4,2,0,0,0,1,0,2,1,1,1,1,1,1,1,0,0,0,0,2,1,1,0,1,2,1,1,2,1,1,1,1,2,1,3,0,0,0,2,1,0,2,1,2,2,0,2,0,0,0,0,1,1,
860,3,0,1,2,0,0,0,1,2,1,0,0,2,1,3,1,2,1,1,1,2,2,1,3,1,1,1,1,1,0,0,2,1,0,2,0,1,0,0,1,1,0,1,0,0,1,3,0,0,0,1,2,0,2,1,0,1,0,0,0,1,1,0,0,0,1,1,1,1,1,1,0,0,1,1,1,1,1,1,1,1,0,1,1,6,1,1,1,1,0,1,1,1,2,1,0,2,0,0,1,2,1,1,0,0,1,1,2,0,3,2,1,0,0,2,1,2,1,0,1,1,0,0,1,1,1,3,0,1,1,1,0,1,2,1,2,1,0,1,1,2,0,1,1,0,1,1,1,1,1,1,1,
871,3,2,1,1,1,2,0,1,1,0,1,0,1,2,1,2,1,1,2,0,1,1,2,0,0,0,0,0,0,2,1,1,2,0,1,1,2,1,1,0,0,0,0,0,2,0,0,1,0,1,1,0,2,1,0,0,1,1,1,0,0,0,1,2,0,0,2,1,1,0,0,1,0,1,0,1,1,0,0,0,1,0,1,1,1,6,1,1,1,1,0,1,2,1,1,2,2,1,0,1,0,0,1,1,1,1,0,0,2,2,0,1,2,0,1,1,2,0,1,0,1,0,1,0,1,0,0,1,1,2,4,1,1,1,2,2,1,3,2,1,2,2,1,2,1,2,2,2,2,2,1,2,
881,1,3,0,0,0,0,2,2,2,0,0,1,2,2,1,2,2,0,2,2,1,0,0,2,1,2,0,2,1,0,2,2,2,0,1,3,1,0,2,1,0,0,0,2,1,1,0,0,1,1,0,0,1,1,2,1,1,0,0,1,1,1,1,0,2,1,0,0,2,0,1,1,1,0,0,1,1,1,1,1,1,0,1,0,1,1,6,0,1,0,1,0,0,2,1,1,1,0,0,0,1,1,1,4,1,1,0,1,1,0,1,0,1,0,2,0,1,0,1,2,5,1,0,1,1,1,0,0,1,0,1,1,0,1,1,2,0,0,1,0,0,1,0,2,1,1,0,1,2,0,0,0,
891,1,1,2,1,1,0,0,1,1,1,1,1,2,0,1,1,2,3,0,2,1,2,1,0,1,1,1,1,2,2,1,1,0,0,0,1,1,1,1,2,2,0,1,2,1,1,1,0,2,1,2,1,1,0,1,3,0,2,1,2,0,1,1,1,2,0,1,0,0,0,0,1,1,1,1,1,1,1,1,0,1,1,1,0,1,1,0,6,1,1,0,1,0,2,3,0,1,1,2,1,0,1,1,0,1,2,1,1,2,0,0,0,2,2,0,0,1,1,2,0,0,2,2,1,1,1,0,0,1,3,0,0,1,0,2,1,0,1,2,0,0,3,0,0,1,0,1,1,1,0,2,1,
902,1,1,3,1,1,1,2,3,2,1,1,3,2,1,0,0,1,0,1,2,1,0,0,1,2,2,0,1,1,1,1,1,1,0,1,1,0,1,1,1,2,2,0,1,0,1,1,1,1,0,0,1,0,0,1,1,1,0,1,0,0,0,0,0,0,0,0,0,0,1,1,1,1,1,1,1,1,1,0,1,0,0,1,1,1,1,1,1,6,1,1,1,1,1,3,2,0,2,1,0,1,0,3,0,1,0,1,1,0,1,2,1,1,2,1,0,2,3,1,0,2,0,0,0,2,0,1,2,1,1,1,0,0,1,1,2,2,3,1,2,1,2,2,2,3,1,1,2,2,2,2,2,
912,0,0,0,1,1,1,1,0,0,0,1,3,1,0,2,0,0,1,1,2,2,0,2,0,0,1,0,1,2,2,1,0,0,1,1,1,1,2,2,2,0,1,2,2,1,2,0,0,2,1,1,0,3,0,1,1,4,2,1,1,1,1,1,2,1,1,1,0,2,2,1,1,1,0,1,1,1,1,1,1,1,0,1,1,0,1,0,1,1,6,1,0,1,0,1,2,2,1,1,1,0,3,1,0,0,1,0,0,1,0,1,1,2,1,0,1,3,2,3,0,0,2,1,0,0,1,1,0,1,0,1,2,2,0,1,0,1,1,0,2,1,1,0,1,1,0,0,3,1,0,0,1,
920,1,1,1,1,0,1,2,1,1,1,1,2,2,1,2,0,1,0,0,0,1,1,0,2,1,1,3,0,1,0,1,2,0,0,0,2,0,1,0,0,0,1,1,1,1,2,1,0,1,0,1,2,0,0,1,0,1,1,2,1,2,2,0,1,2,2,2,0,0,0,3,1,0,1,1,1,1,0,1,1,0,1,0,1,1,0,1,0,1,1,6,1,0,0,1,0,1,1,2,1,1,1,0,2,1,1,0,2,0,2,1,1,1,2,0,2,1,1,0,0,1,0,1,1,3,1,1,1,3,0,0,2,1,1,1,0,1,0,0,2,2,0,0,1,1,0,0,1,0,1,1,0,
932,1,2,2,0,3,2,0,1,1,1,1,0,0,0,0,1,0,1,0,1,1,1,0,0,3,0,2,1,1,1,0,0,0,0,1,0,0,1,1,1,0,2,1,0,0,2,1,1,0,0,2,0,0,2,0,1,0,0,2,1,1,3,1,2,1,1,0,1,0,0,3,1,1,1,1,1,1,0,1,1,1,1,1,0,1,1,0,1,1,0,1,6,2,1,0,0,1,2,3,0,1,0,1,0,0,0,0,2,1,1,1,1,2,1,0,1,1,1,1,1,0,0,2,1,2,1,1,2,0,1,1,1,2,0,0,1,1,2,3,2,1,1,2,1,1,1,3,1,2,2,2,2,
942,1,2,2,1,2,2,0,1,1,1,2,0,0,1,0,0,0,2,1,1,1,0,3,0,0,0,0,1,0,1,2,0,1,1,2,1,2,0,0,1,0,1,0,0,1,1,1,0,1,2,1,1,1,0,0,1,1,0,1,1,2,1,1,1,0,0,1,2,2,0,1,3,0,0,3,1,1,0,1,1,2,1,0,0,1,2,0,0,1,1,0,2,6,1,0,1,0,1,0,0,1,1,1,1,1,1,1,1,0,1,1,1,1,0,1,2,2,0,0,0,0,1,1,1,1,0,3,2,0,0,2,0,1,0,2,2,1,2,1,1,1,1,3,2,1,2,1,2,2,2,2,1,
950,1,1,0,0,1,0,1,1,1,0,1,1,1,2,0,1,1,2,2,3,1,1,0,2,1,2,1,0,3,2,0,1,3,0,1,0,2,1,2,1,0,0,1,1,2,1,0,0,1,1,1,0,1,1,0,3,2,1,1,1,0,0,2,2,2,0,2,0,2,1,0,1,0,0,0,1,3,3,0,1,1,1,2,0,2,1,2,2,1,0,0,1,1,6,0,1,1,0,1,1,1,1,1,0,1,1,0,1,1,1,1,1,0,1,3,0,1,0,1,0,2,1,1,2,0,3,0,0,0,0,1,0,1,1,2,1,0,1,1,1,0,0,0,1,1,0,0,0,2,2,0,0,
962,1,1,2,2,0,0,2,2,1,1,1,3,2,2,1,1,3,1,0,0,1,1,1,0,1,2,0,3,0,0,1,0,1,0,0,2,0,1,0,2,2,1,1,2,0,1,1,1,2,0,1,1,2,1,1,1,0,1,1,1,0,1,0,0,1,0,0,0,1,0,0,0,2,2,1,0,0,1,2,0,1,0,1,1,1,1,1,3,3,1,1,0,0,0,6,1,1,1,0,0,0,1,1,1,1,1,1,1,1,0,1,1,1,2,1,0,1,2,2,1,1,1,1,0,1,0,1,1,2,2,0,0,0,0,1,1,1,2,2,1,0,2,1,0,2,0,1,1,0,1,1,2,
972,0,0,0,0,0,1,1,0,1,0,0,2,0,1,1,0,1,0,3,1,0,0,0,1,0,1,0,2,0,3,0,0,3,0,2,0,1,3,1,2,1,2,0,1,3,1,0,2,0,0,1,0,3,0,2,0,2,0,1,0,1,1,0,2,0,2,1,0,1,2,1,0,0,1,0,0,2,2,1,0,2,0,1,2,0,2,1,0,2,2,0,0,1,1,1,6,1,0,1,1,1,1,1,1,0,1,1,1,0,0,1,1,1,1,2,0,0,1,2,1,2,2,1,0,0,0,1,1,0,0,1,2,1,0,2,1,0,3,0,0,1,0,1,1,1,0,0,2,0,1,0,1,
980,3,0,0,2,0,2,1,0,2,1,0,2,2,0,3,2,1,1,1,1,1,1,1,0,1,0,1,0,1,1,0,0,1,0,1,1,0,2,1,0,1,1,2,0,1,1,1,1,1,1,1,1,1,2,0,1,3,1,1,0,1,1,1,1,1,2,1,0,2,0,1,0,0,1,0,3,1,1,0,1,2,0,0,1,2,2,1,1,0,2,1,1,0,1,1,1,6,0,1,1,1,1,0,0,1,1,1,0,0,1,0,1,1,1,0,1,2,2,1,1,1,0,1,2,0,1,1,0,0,1,1,3,1,0,1,1,1,1,2,1,2,0,0,1,1,1,2,2,0,0,0,2,
991,1,1,2,0,2,2,0,1,2,0,0,0,1,1,1,0,1,0,1,0,0,0,1,1,2,1,1,0,1,0,1,0,0,2,1,1,0,0,1,1,2,2,1,0,0,1,2,0,2,0,1,2,1,0,0,2,0,1,2,1,1,1,1,2,0,1,0,2,0,2,1,1,2,1,0,2,0,1,1,1,0,3,0,1,0,1,0,1,2,1,1,2,1,0,1,0,0,6,1,1,0,0,1,0,1,1,1,1,0,1,1,1,1,0,0,0,2,2,0,1,0,0,2,0,3,2,0,2,1,1,1,0,3,1,0,1,3,2,1,2,1,2,2,1,3,2,2,1,2,1,2,1,
1000,0,1,1,0,1,2,2,0,0,1,1,1,0,0,0,0,0,1,0,3,0,0,0,0,2,1,3,0,1,3,0,1,0,0,0,0,1,1,2,0,1,3,1,1,1,1,0,1,1,1,2,1,0,1,2,1,1,0,1,1,1,3,0,2,1,1,2,0,0,1,4,0,0,0,1,1,1,0,1,2,1,1,2,0,0,0,0,2,1,1,2,3,0,1,0,1,1,1,6,0,1,0,1,1,1,0,1,1,1,1,1,0,1,2,0,1,0,2,2,0,0,0,3,1,1,2,0,0,1,1,0,1,1,0,1,0,0,0,2,0,1,1,0,0,0,0,1,1,1,0,2,1,
1010,1,0,0,1,2,1,0,0,1,1,0,0,1,1,1,1,0,1,2,0,1,4,0,1,0,1,2,0,2,1,0,2,0,1,2,0,0,1,1,1,1,1,0,2,2,0,2,2,0,0,0,2,1,0,2,1,1,3,1,1,0,0,1,2,2,1,0,2,1,2,0,1,1,1,0,0,0,1,1,1,0,3,0,4,1,1,0,1,0,1,1,0,0,1,0,1,1,1,0,6,1,0,0,0,1,1,0,1,1,1,0,1,1,1,0,0,0,0,1,1,0,2,1,2,1,1,1,1,1,0,1,2,2,4,1,0,1,1,1,0,2,0,2,1,0,2,1,0,0,0,0,0,
1020,1,0,0,1,0,1,0,1,1,0,1,0,1,0,1,1,1,0,2,1,1,1,1,3,2,1,2,0,1,0,0,2,1,2,3,0,1,2,0,0,0,2,2,0,1,0,2,2,0,2,0,2,1,1,1,0,0,0,0,1,1,1,0,0,0,3,0,1,1,1,1,1,0,1,1,0,2,1,1,3,1,1,1,2,2,0,1,0,1,0,1,1,1,1,0,1,1,0,1,1,6,0,1,1,1,1,1,1,1,1,1,0,0,0,2,1,1,1,1,0,1,1,1,4,1,0,1,2,1,1,0,2,0,2,0,1,0,0,1,0,1,1,0,2,1,1,1,0,1,0,1,1,
1033,0,0,1,1,1,0,1,0,1,0,2,2,1,1,2,0,1,2,1,1,2,0,1,1,1,0,1,3,1,1,2,0,1,1,0,1,2,1,0,2,0,0,3,1,1,1,0,0,1,1,1,0,1,1,1,0,3,2,1,1,1,2,0,0,1,2,2,0,2,1,0,1,1,0,2,1,2,1,1,0,2,0,1,0,1,0,1,1,0,3,1,0,1,1,1,1,1,0,0,0,0,6,0,1,0,0,0,1,1,1,1,0,1,1,2,2,2,0,1,1,1,3,1,0,1,1,1,0,1,0,1,1,0,0,0,2,0,0,0,2,1,1,0,0,0,0,0,3,0,2,0,1,
1041,1,1,1,0,1,1,1,4,1,2,1,1,2,0,0,1,1,1,1,2,2,1,2,1,3,1,0,0,1,1,2,2,0,0,1,2,0,0,1,0,1,1,0,1,0,0,1,1,2,1,1,1,0,2,1,2,1,1,2,0,1,0,3,0,0,0,1,1,0,1,1,1,2,1,0,0,1,0,0,1,1,0,2,0,1,1,1,1,3,1,0,1,1,1,1,1,0,1,1,0,1,0,6,0,1,1,1,0,1,1,1,1,1,0,1,1,1,2,1,1,1,0,0,0,1,0,1,1,0,3,2,0,0,2,2,2,0,2,0,1,0,1,1,2,1,0,1,1,2,1,1,1,
1051,0,3,0,0,0,1,2,1,1,0,1,0,1,2,1,1,2,0,1,0,0,0,1,1,0,2,1,2,0,0,2,1,1,1,1,3,1,0,1,1,0,1,0,2,2,1,0,0,1,1,0,2,1,1,2,0,0,0,0,2,1,2,0,0,2,1,1,1,2,0,2,1,1,0,1,0,0,0,2,2,1,1,1,0,0,1,4,0,0,0,2,0,1,0,1,1,0,0,1,0,1,1,0,6,1,1,0,1,1,1,1,0,1,0,1,2,0,0,1,2,3,1,0,1,1,1,0,1,2,0,1,1,0,0,1,1,0,0,1,0,1,1,0,1,0,2,0,1,1,0,1,0,
1060,2,0,2,1,1,0,2,1,1,2,3,2,0,2,0,1,0,0,1,2,1,0,2,0,0,0,0,0,0,1,0,2,1,1,2,0,1,0,1,0,1,2,0,0,0,0,1,1,1,4,1,2,0,1,1,1,1,2,0,1,0,0,2,0,0,0,2,3,2,1,0,0,0,1,3,2,0,1,1,1,0,2,1,1,0,1,1,1,1,0,1,0,1,1,1,0,1,1,1,1,1,0,1,1,6,0,1,1,1,1,0,1,1,2,0,2,0,1,0,0,1,0,2,2,0,2,0,3,1,2,1,0,0,2,0,0,1,0,0,1,0,1,1,0,2,2,0,0,0,1,1,1,
1070,1,2,0,1,0,1,0,1,0,1,0,0,2,0,2,1,3,3,0,0,0,2,3,2,0,2,1,0,2,0,2,1,1,1,1,2,0,1,1,2,0,0,0,2,1,2,0,1,2,0,0,0,2,0,0,3,0,1,0,1,3,0,3,1,2,1,0,0,0,2,1,3,1,2,0,0,1,3,1,1,1,1,0,0,1,1,1,2,0,1,1,0,1,1,1,1,1,1,0,1,1,0,1,1,0,6,1,0,0,0,1,1,1,0,1,0,2,1,0,0,1,2,0,1,1,1,1,1,0,1,1,2,2,0,4,2,1,0,1,1,0,0,1,2,2,0,1,1,2,0,0,0,
1081,1,1,1,2,0,2,0,1,1,3,0,1,0,0,1,1,0,1,1,1,0,0,1,1,0,1,0,1,0,1,1,1,1,2,0,1,2,2,0,1,4,1,2,0,1,1,2,1,1,2,2,1,0,1,1,1,0,0,0,1,2,0,1,0,0,1,1,1,0,0,0,2,0,1,1,3,0,1,0,0,2,1,1,2,1,0,0,1,1,0,0,0,1,0,1,1,1,1,1,0,1,0,1,0,1,1,6,1,1,1,1,1,1,2,0,0,0,1,1,2,1,0,1,1,0,0,3,0,1,2,1,0,1,0,1,1,2,1,0,0,1,2,2,2,0,1,1,0,1,0,2,2,
1091,1,1,2,1,1,1,1,1,2,1,2,1,0,1,2,0,0,1,1,1,1,1,0,2,0,0,1,2,1,1,0,1,0,1,1,0,0,1,1,2,1,0,1,0,1,2,2,0,0,0,0,1,0,0,2,1,0,0,0,2,0,2,0,1,1,3,0,2,0,0,1,0,0,2,2,1,1,0,1,0,1,1,1,1,2,0,1,1,1,0,2,2,1,1,1,1,0,1,1,1,1,1,0,1,1,0,1,6,1,1,1,1,0,2,0,1,0,1,1,2,1,1,0,1,1,1,2,1,3,0,0,0,2,1,0,1,2,0,1,1,1,0,1,0,1,0,1,1,1,1,1,0,
1101,1,2,0,1,2,0,0,1,0,0,2,1,1,1,0,3,0,1,1,1,3,1,1,0,0,0,0,1,2,1,1,1,1,1,0,1,2,2,3,1,0,0,2,2,1,1,1,2,1,2,1,0,1,1,0,1,0,3,0,2,0,1,1,1,2,0,1,1,0,1,0,1,1,0,0,0,1,0,1,0,1,1,3,1,0,2,1,2,0,1,0,1,0,1,1,0,0,0,1,1,1,1,1,1,1,0,1,1,6,1,0,0,1,2,0,1,0,0,3,0,1,2,1,1,0,1,0,0,2,2,2,0,0,2,0,0,1,0,1,0,0,3,1,1,0,1,1,0,2,0,1,2,
1111,4,1,1,1,1,2,1,0,3,1,1,0,0,1,2,0,1,0,0,0,1,1,1,2,0,1,2,0,0,0,0,2,1,0,0,0,1,0,0,0,1,0,1,0,1,0,2,1,1,1,1,3,0,3,1,0,1,1,0,0,1,1,1,0,0,1,3,1,1,1,1,1,0,0,0,2,0,1,1,1,1,0,2,1,3,2,0,0,1,0,2,1,1,1,0,0,1,1,1,1,1,1,1,1,1,0,1,1,1,6,1,1,1,0,1,2,1,1,0,1,0,0,0,1,2,2,2,1,2,1,3,0,0,2,0,1,2,1,1,2,4,1,1,1,1,2,1,1,1,2,2,3,
1121,0,0,2,0,0,1,2,1,0,0,1,1,1,0,1,0,0,1,1,1,2,0,1,1,2,4,2,3,2,1,1,1,1,2,2,0,0,1,1,3,1,1,0,0,1,3,1,1,2,0,0,1,1,0,0,1,0,0,0,0,0,2,1,1,0,0,1,1,0,1,2,0,2,0,2,0,2,2,2,3,0,0,0,1,2,0,1,0,2,1,1,1,1,1,1,1,0,1,1,0,1,1,1,1,0,1,1,1,0,1,6,1,0,1,2,3,2,1,0,0,2,0,0,0,1,2,2,0,1,0,0,0,2,1,0,2,1,1,0,1,2,0,2,1,1,0,0,0,2,1,2,1,
1131,1,0,1,3,1,0,1,2,1,4,1,1,0,2,2,1,0,0,1,0,0,2,1,0,1,1,0,0,1,1,0,1,1,2,0,0,1,0,1,1,2,0,0,0,1,1,1,1,1,0,3,1,2,2,1,1,0,0,3,1,1,0,2,3,0,0,1,1,0,1,0,0,2,3,1,1,1,1,0,2,2,0,0,1,1,1,0,0,1,1,1,1,1,1,1,1,1,1,0,1,0,0,1,0,1,1,1,1,0,1,1,6,1,1,1,0,1,3,0,3,0,0,1,0,0,1,1,2,1,1,0,1,1,1,1,0,3,2,1,3,1,0,0,0,2,2,1,0,1,3,0,1,
1143,1,2,2,0,2,2,0,1,1,2,0,1,1,0,0,1,1,0,1,1,1,1,0,1,1,0,0,1,0,2,1,2,0,0,1,1,1,1,0,1,1,0,1,2,1,1,0,0,1,1,3,0,2,1,1,0,1,1,1,2,1,1,1,1,1,0,1,0,1,0,1,2,1,1,1,2,0,0,1,0,1,0,0,1,0,2,1,2,1,2,1,2,1,0,1,1,1,1,1,1,0,1,1,1,1,1,1,0,1,1,0,1,6,1,0,0,1,0,2,1,1,1,2,0,2,0,0,2,1,2,2,2,1,0,1,1,1,3,1,2,2,3,1,3,1,1,2,1,1,2,2,2,
1151,0,1,2,1,2,0,1,1,0,2,2,3,2,1,1,1,0,1,0,2,2,1,0,0,0,1,0,1,3,2,0,1,1,0,0,1,1,3,2,1,2,1,1,1,0,3,0,2,0,1,1,0,0,0,1,1,1,2,1,1,0,0,0,1,3,1,2,0,0,1,0,0,1,1,2,2,2,1,0,0,0,1,1,1,0,0,0,2,2,1,2,1,0,1,2,1,1,0,2,1,0,1,0,0,2,0,2,2,2,0,1,1,1,6,0,1,1,1,1,0,1,1,1,0,0,1,1,1,1,1,0,1,0,1,0,0,2,1,1,2,0,1,2,0,1,0,1,1,1,1,1,1,
1160,0,1,1,0,0,0,2,1,0,0,1,0,1,3,0,0,3,1,2,1,1,0,0,3,2,2,1,2,1,2,1,1,3,1,2,1,2,1,0,0,0,0,1,1,1,0,0,1,0,0,1,0,3,2,1,0,1,0,1,0,1,0,0,1,1,1,2,0,2,2,0,0,2,1,1,0,4,2,2,1,1,0,2,0,2,1,2,0,1,0,0,0,1,3,1,2,0,0,0,0,2,2,1,1,0,1,0,0,0,1,2,1,0,0,6,1,1,0,1,1,1,1,1,0,1,1,0,1,0,0,1,1,0,1,1,2,0,1,1,1,1,0,0,1,1,0,0,0,1,3,0,0,
1170,1,0,2,0,0,1,2,0,0,0,3,1,1,0,1,0,0,1,0,0,3,0,2,0,1,1,2,2,1,1,1,1,0,2,2,1,0,1,0,1,0,1,1,0,1,2,1,1,1,2,0,2,0,1,0,0,1,2,1,1,0,2,1,0,1,1,3,3,1,0,2,0,1,0,3,1,2,0,2,2,0,1,1,0,1,1,0,0,0,1,2,1,2,0,0,0,1,0,1,0,1,2,1,2,2,0,0,1,1,2,3,0,0,1,1,6,1,0,0,0,0,0,0,1,1,1,1,1,1,1,1,1,1,1,0,1,0,0,0,1,2,0,1,0,0,1,0,1,0,1,2,1,
1182,2,1,1,2,2,1,0,1,1,0,1,1,3,0,3,1,1,2,1,2,2,1,3,1,1,2,0,0,3,0,1,1,0,1,1,1,1,1,1,1,0,0,1,0,0,2,0,0,1,1,0,0,1,0,0,1,2,1,1,0,1,0,1,1,1,1,1,0,1,1,0,2,1,1,1,2,2,1,0,2,0,0,0,0,2,2,1,1,2,3,1,1,2,1,1,0,2,2,0,0,1,2,1,0,0,2,0,0,0,1,2,1,1,1,1,1,6,1,0,0,1,1,0,0,1,1,1,1,0,1,1,1,1,1,1,3,2,1,2,3,1,1,1,2,2,1,2,4,3,1,1,1,
1190,1,0,2,2,0,1,2,2,2,2,1,2,1,1,2,0,1,0,0,1,0,0,1,0,2,1,1,0,1,1,1,0,0,1,0,1,0,0,2,1,2,2,1,1,0,1,2,1,2,0,1,2,1,2,1,2,1,0,1,0,1,1,1,1,0,1,0,0,0,2,2,0,2,1,1,1,0,1,0,2,2,0,1,0,1,0,0,1,3,2,1,1,0,0,2,1,2,2,2,0,1,0,2,0,1,1,1,1,0,1,1,3,0,1,0,0,1,6,1,1,0,0,1,1,1,1,1,1,1,1,0,1,1,0,1,0,3,1,1,2,1,1,0,0,3,1,1,1,1,1,1,2,
1201,0,2,0,1,1,1,2,0,0,0,1,2,0,1,0,1,1,1,2,2,1,0,0,0,0,1,0,2,1,3,0,0,0,1,1,1,1,3,2,1,0,1,2,3,2,1,1,0,1,1,1,0,3,1,2,1,2,1,0,2,0,1,0,2,2,0,0,0,2,1,1,1,1,0,0,0,1,0,2,0,1,0,4,2,0,1,1,2,1,3,0,1,0,1,2,2,1,0,2,1,1,1,1,1,0,0,1,1,3,0,0,0,2,1,1,0,0,1,6,1,0,1,1,1,0,1,0,0,1,1,1,1,1,0,1,0,0,1,2,0,1,2,0,2,0,0,0,1,1,0,1,1,
1212,1,1,0,2,1,1,1,1,2,3,0,0,0,1,2,1,1,0,1,0,0,2,0,1,1,1,0,2,0,0,0,1,0,2,0,1,0,0,0,1,3,0,1,1,1,0,1,1,0,0,2,1,1,3,3,0,0,0,2,2,1,1,1,1,1,2,0,2,1,0,0,0,2,3,0,2,0,0,1,1,2,1,1,1,1,0,2,0,0,0,0,1,0,0,1,1,1,1,0,1,0,1,1,2,0,0,2,2,0,1,0,3,1,0,1,0,0,1,1,6,1,1,0,0,0,0,1,1,1,1,0,1,1,1,0,1,2,1,2,1,1,0,0,0,0,2,2,1,0,1,0,1,
1222,1,2,0,0,0,0,1,2,2,0,0,2,2,1,1,2,1,0,2,2,1,0,0,2,1,2,0,2,1,0,2,2,3,0,1,2,1,1,2,2,1,1,0,1,1,2,0,1,1,1,0,0,0,0,1,1,1,0,0,1,1,1,1,0,1,1,0,0,1,0,1,1,0,0,0,1,1,2,0,1,1,0,0,1,1,1,5,0,2,0,1,0,0,2,1,2,1,0,0,0,1,1,1,3,1,1,1,1,1,0,2,0,1,1,1,0,1,0,0,1,6,1,0,1,1,1,1,0,1,0,1,1,0,1,1,2,0,1,0,0,0,1,1,2,1,1,0,1,2,0,0,1,
1233,0,0,0,1,2,0,0,0,1,0,1,1,1,0,1,1,1,2,1,1,2,2,1,1,0,1,1,2,2,0,1,0,1,0,1,0,1,1,1,3,0,0,1,3,2,0,0,2,1,1,1,0,2,0,1,1,1,3,0,1,2,2,1,0,2,2,0,0,1,2,0,2,1,1,1,0,1,2,2,0,2,2,0,0,0,0,1,2,0,2,0,0,1,1,1,2,0,0,0,2,1,3,0,1,0,2,0,1,2,0,0,0,1,1,1,0,1,0,1,1,1,6,1,1,0,0,1,1,1,0,0,1,1,1,1,1,1,0,0,0,0,1,1,0,1,0,1,2,0,0,0,1,
1241,0,0,1,0,1,1,0,0,0,1,0,1,0,2,0,0,0,0,2,1,1,0,0,0,2,0,2,1,0,2,0,1,1,0,1,0,2,0,0,1,1,3,2,1,1,0,1,1,1,1,4,1,2,1,1,0,0,2,2,1,1,3,0,2,0,1,2,1,0,1,2,0,0,0,1,1,1,0,2,1,3,2,0,1,0,1,0,2,0,1,1,2,1,1,1,1,1,2,3,1,1,1,0,0,2,0,1,0,1,0,0,1,2,1,1,0,0,1,1,0,0,1,6,1,1,1,0,1,1,1,0,1,1,1,1,0,0,1,1,0,0,2,1,0,0,1,1,0,0,1,1,2,
1250,2,0,0,1,0,1,1,0,2,0,1,1,0,0,1,2,0,1,1,1,0,2,1,1,1,1,3,0,1,0,0,1,1,2,1,0,1,1,1,1,0,2,2,1,2,0,2,1,1,3,0,2,0,1,1,2,1,1,0,1,0,1,2,0,1,2,0,1,2,0,1,2,0,0,1,1,0,2,0,2,1,2,1,2,1,0,1,1,0,0,1,1,1,2,0,0,2,0,1,2,4,0,0,1,2,1,1,1,1,1,0,0,0,0,0,1,0,1,1,0,1,1,1,6,1,1,1,1,1,1,0,1,1,1,1,0,0,0,1,0,1,1,0,1,1,1,1,0,0,0,1,1,
1261,2,2,3,0,1,1,1,1,3,0,1,0,2,0,1,0,2,1,0,0,0,1,0,2,3,0,3,1,0,1,3,2,0,1,0,2,0,0,0,0,1,1,0,1,0,1,2,0,1,0,1,2,0,0,1,1,0,0,2,1,2,1,0,1,1,1,0,0,0,0,2,2,2,0,1,1,1,0,0,0,0,1,0,1,1,1,1,1,2,0,3,2,1,0,1,0,0,3,1,1,1,1,1,1,0,1,0,1,0,2,1,0,2,0,1,1,1,1,0,0,1,0,1,1,6,0,1,1,1,1,1,1,1,1,1,2,1,2,1,1,3,2,1,2,2,1,1,1,1,2,2,1,
1270,1,1,0,0,2,1,2,0,1,0,1,1,0,2,1,1,1,1,1,2,0,0,1,1,0,2,1,0,2,1,0,0,2,1,1,0,1,1,3,1,0,1,1,0,1,2,1,0,3,1,0,2,1,1,0,3,2,1,0,1,0,1,2,2,1,0,2,1,2,3,1,0,1,0,0,1,1,3,2,2,0,1,2,1,1,0,1,1,0,1,1,1,0,3,0,0,1,2,2,1,0,1,0,1,2,1,0,1,1,2,2,1,0,1,1,1,1,1,1,0,1,0,1,1,0,6,0,1,1,0,1,0,1,1,0,0,1,0,1,2,1,0,1,0,2,1,0,0,2,1,1,0,
1282,2,1,1,2,1,1,0,1,2,2,1,1,0,0,2,0,0,2,0,1,1,1,2,1,0,1,1,2,0,0,2,1,1,0,1,1,1,1,0,2,2,1,0,0,0,2,3,1,1,1,1,2,0,1,1,1,1,0,0,0,3,1,1,0,0,1,0,1,1,0,1,2,0,0,2,1,0,1,1,0,2,0,0,2,3,0,0,0,1,1,1,1,3,0,1,1,1,0,0,1,1,1,1,0,0,1,3,2,0,2,2,1,0,1,0,1,1,1,0,1,1,1,0,1,1,0,6,0,1,0,1,0,1,1,1,1,1,1,0,0,2,0,3,1,0,1,0,1,1,0,1,2,
1292,1,1,2,1,3,1,1,2,1,2,2,1,0,2,0,1,1,0,1,0,0,1,1,1,1,0,0,0,0,0,0,0,1,1,3,0,0,1,0,0,0,2,0,0,0,0,1,1,0,1,1,2,1,1,0,0,0,1,1,1,1,0,1,0,0,1,0,2,1,2,0,1,1,3,2,1,1,1,2,1,0,2,0,1,0,1,0,0,2,0,1,2,2,0,1,1,0,2,0,1,2,0,1,1,3,1,0,1,0,1,0,2,2,1,1,1,1,1,0,1,0,1,1,1,1,1,0,6,1,1,1,1,0,1,0,1,2,2,1,3,1,1,2,1,3,3,2,1,1,3,1,1,
1301,1,1,1,1,0,2,2,2,1,1,1,2,0,2,1,1,0,0,0,0,1,1,0,2,0,1,2,1,0,0,1,1,1,1,0,1,1,0,1,1,1,0,2,1,1,0,1,0,2,0,1,2,1,0,1,0,0,1,0,2,0,2,0,0,0,2,1,1,0,0,1,0,0,2,1,1,0,0,2,1,1,1,0,1,1,1,1,1,1,1,3,0,0,0,2,0,0,1,1,1,1,1,0,2,1,0,1,3,2,2,1,1,1,1,0,1,0,1,1,1,1,1,1,1,1,1,1,1,6,0,1,0,1,1,0,0,2,0,0,1,2,2,0,0,1,1,1,0,1,1,1,1,
1311,2,0,2,2,1,0,0,2,1,2,1,0,2,0,1,3,2,1,1,1,1,2,2,0,2,0,0,0,0,1,1,2,0,1,0,1,2,1,0,0,2,0,1,0,1,0,2,1,1,3,2,1,0,2,1,1,0,1,2,0,0,0,2,0,0,0,2,1,0,0,0,1,2,2,1,1,0,0,0,0,0,0,2,1,1,2,0,3,1,0,0,1,0,0,2,0,1,1,1,0,1,0,3,0,2,1,2,0,2,1,0,1,2,1,0,1,1,1,1,1,0,0,1,1,1,0,0,1,0,6,1,0,0,1,1,1,0,2,1,1,0,3,0,1,1,0,2,1,0,1,3,1,
1321,2,3,1,0,1,3,0,2,1,1,1,0,0,2,0,1,1,1,1,0,1,0,2,1,0,0,0,0,0,1,2,1,2,0,1,2,2,1,1,0,0,0,1,0,1,0,0,1,1,1,0,0,1,2,0,1,2,1,0,0,1,0,2,1,0,0,2,1,2,1,0,2,0,0,0,1,0,1,0,0,1,0,2,1,1,4,1,0,1,1,0,1,2,1,0,1,1,1,0,1,0,1,2,1,1,1,1,0,2,3,0,0,2,0,1,1,1,0,1,0,1,0,0,0,1,1,1,1,1,1,6,1,1,1,1,2,1,2,1,2,2,2,2,3,1,2,1,1,3,2,1,2,
1330,0,1,0,1,0,2,0,0,0,1,0,1,2,0,1,0,2,0,1,0,1,1,0,2,1,0,1,0,1,1,1,2,1,1,2,2,0,3,0,0,1,1,2,1,1,2,0,3,0,0,0,0,2,1,1,0,2,1,2,2,2,1,0,2,2,3,1,1,1,1,2,1,0,2,0,1,2,1,1,2,1,0,0,2,0,1,1,0,0,2,2,1,0,0,0,2,3,0,1,2,2,1,0,1,0,2,0,0,0,0,0,1,2,1,1,1,1,1,1,1,1,1,1,1,1,0,0,1,0,0,1,6,1,1,1,0,0,1,2,1,1,0,0,2,1,1,1,1,0,0,0,1,
1340,0,0,1,0,0,2,0,0,0,0,0,0,0,0,1,0,0,1,1,0,1,1,1,1,1,2,2,1,2,1,0,0,0,2,2,0,0,1,1,3,1,1,1,1,2,2,1,0,1,0,1,0,2,0,0,2,1,1,1,1,1,2,2,3,1,1,0,2,1,1,2,1,1,1,1,1,0,2,1,1,0,3,0,1,1,1,0,1,0,2,1,2,1,1,0,1,1,3,1,2,0,0,0,0,0,2,1,2,0,0,2,1,1,0,0,1,1,1,1,1,0,1,1,1,1,1,1,0,1,0,1,1,6,0,1,0,2,1,0,1,1,0,1,1,1,0,1,0,1,0,1,0,
1350,2,0,0,1,2,0,0,1,1,1,1,0,2,1,1,1,0,0,2,1,3,3,1,2,1,1,1,0,2,0,0,4,0,1,2,0,0,0,1,0,1,1,0,1,0,0,2,3,0,1,0,2,0,1,2,0,0,3,1,1,0,0,1,1,1,1,1,3,0,2,0,0,1,1,0,0,1,0,1,2,0,2,1,3,2,1,1,0,1,0,1,0,0,1,0,0,0,1,0,4,2,0,2,0,2,0,0,1,2,2,1,1,0,1,1,1,1,0,0,1,1,1,1,1,1,1,1,1,1,1,1,1,0,6,0,1,1,0,1,0,1,0,2,1,0,2,1,0,1,0,0,1,
1360,1,2,0,1,0,1,1,1,0,1,0,1,2,1,1,1,2,3,1,1,0,2,2,1,0,1,1,0,1,2,2,1,1,0,0,2,1,0,1,1,0,1,0,3,2,1,0,0,1,0,1,0,1,0,1,2,1,1,1,1,2,0,2,1,2,0,1,0,0,1,2,3,0,1,0,0,1,1,0,0,2,1,1,0,1,2,1,2,1,1,1,0,2,2,1,2,1,0,1,1,0,0,2,1,0,4,1,0,0,0,0,1,1,0,1,0,1,1,1,0,1,1,1,1,1,0,1,0,0,1,1,1,1,0,6,2,0,1,1,0,0,0,1,2,0,0,1,2,1,1,0,0,
1372,2,2,2,1,1,2,1,2,2,1,1,0,2,0,2,1,1,3,2,1,1,1,2,1,2,1,1,2,1,1,2,1,0,1,1,1,0,0,0,1,0,0,0,0,1,0,0,0,1,0,0,0,0,0,1,1,0,0,0,0,1,1,1,0,0,1,0,0,0,0,0,2,1,1,1,1,2,0,0,1,2,0,0,0,2,2,2,1,2,0,0,1,2,1,1,1,1,1,0,0,1,2,2,1,0,2,1,1,0,1,2,0,1,0,2,1,3,0,0,1,2,1,0,0,2,0,1,1,0,1,2,0,0,1,2,6,1,1,2,1,2,1,2,3,1,1,2,3,3,2,1,1,
1381,2,1,2,2,2,2,1,1,2,2,1,1,1,1,2,1,0,0,0,0,1,1,1,1,0,1,0,0,2,0,0,0,0,2,0,0,0,0,2,1,2,0,1,1,0,1,1,1,1,0,1,1,1,1,0,1,0,1,0,1,1,0,1,1,1,1,0,1,0,2,0,1,2,2,1,3,0,1,0,1,1,2,0,0,1,1,0,0,2,1,1,1,1,0,1,0,1,3,0,1,0,0,0,0,1,1,2,2,1,2,1,3,1,2,0,0,2,3,0,2,0,1,0,0,1,1,1,2,2,0,1,0,2,1,0,1,6,1,1,3,2,1,2,1,3,2,3,1,2,2,1,2,
1393,1,1,2,0,2,2,0,2,2,1,0,1,1,1,0,1,1,0,2,0,0,1,0,0,2,1,0,1,0,2,1,0,2,0,1,1,1,2,0,1,2,1,0,0,2,1,1,1,1,0,2,1,2,1,0,1,1,0,3,0,0,0,1,2,0,0,1,0,1,0,0,1,2,1,0,1,1,1,0,0,1,0,0,2,0,3,0,1,3,1,0,2,2,1,2,3,1,2,0,1,0,0,2,0,0,0,1,0,0,1,1,2,3,1,1,0,1,1,1,1,1,0,1,0,2,0,1,2,0,2,2,1,1,0,1,1,1,6,1,2,2,2,2,2,2,1,2,1,1,3,2,2,
1401,2,3,1,2,2,2,1,0,1,1,1,0,1,1,1,1,2,2,0,1,0,2,1,0,1,1,1,1,1,1,0,1,0,1,0,1,0,1,1,0,1,1,1,1,0,1,0,2,0,0,0,0,1,2,2,1,0,0,1,2,0,1,0,2,2,1,0,1,1,0,1,1,1,2,0,1,1,0,1,2,1,0,2,1,1,2,1,2,1,0,0,3,1,1,2,0,2,1,2,1,1,0,0,1,0,1,0,1,1,1,0,1,1,1,1,0,2,1,2,2,0,0,1,1,1,1,0,1,0,1,1,2,0,1,1,2,1,1,6,1,1,1,1,1,1,2,3,2,2,1,1,2,
1412,1,1,2,1,2,1,1,2,1,2,1,2,1,2,2,1,1,0,0,0,1,1,1,1,1,1,0,0,2,0,0,0,1,1,0,1,1,1,1,1,0,0,2,0,0,2,0,0,1,0,1,0,1,2,0,1,2,1,2,0,0,0,2,1,1,1,2,0,1,2,0,1,2,2,1,2,1,2,0,1,0,0,1,0,1,1,0,0,2,2,2,2,1,1,1,0,1,2,0,0,0,2,1,0,1,1,0,1,0,2,1,3,2,2,1,1,3,2,0,1,0,0,0,0,1,2,0,3,1,1,2,1,1,0,0,1,3,2,1,6,1,1,1,1,3,1,2,2,2,4,1,1,
1421,3,1,2,1,1,3,2,0,3,1,1,0,0,0,2,0,0,1,1,0,0,1,0,1,1,1,3,1,0,2,1,1,0,1,1,0,0,1,0,0,1,0,0,0,2,0,2,0,1,0,1,3,1,1,1,0,1,0,0,0,1,1,0,1,0,1,1,0,1,0,1,1,1,0,1,2,1,0,1,1,1,0,0,2,2,2,0,0,1,1,2,1,1,0,0,1,2,1,1,2,1,1,0,1,0,0,1,1,0,4,2,1,2,0,1,2,1,1,1,1,0,0,0,1,3,1,2,1,2,0,2,1,1,1,0,2,2,2,1,1,6,1,1,2,1,2,1,1,1,2,2,2,
1432,1,2,3,1,1,1,0,2,2,1,0,1,1,1,0,2,1,0,1,1,1,0,0,0,1,0,0,1,0,1,2,1,1,1,0,2,3,1,1,1,2,0,2,1,1,0,2,0,2,2,2,1,1,0,1,1,0,1,1,1,0,1,0,0,0,0,1,0,0,0,0,2,1,0,1,2,0,0,1,0,1,0,1,1,0,2,1,3,2,1,0,1,1,0,2,0,0,2,1,0,1,1,1,1,1,0,2,0,3,1,0,0,3,1,0,0,1,1,2,0,1,1,2,1,2,0,0,1,2,3,2,0,0,0,0,1,1,2,1,1,1,6,1,2,2,2,1,1,2,1,4,2,
1442,1,2,2,0,3,2,0,1,1,1,0,1,1,1,0,1,0,1,1,0,2,1,1,0,0,1,0,2,1,0,1,0,1,0,2,1,0,1,1,2,1,2,0,1,0,2,2,2,1,0,0,1,0,0,0,1,0,2,0,0,1,1,1,0,1,0,0,2,0,2,1,2,1,0,1,1,0,1,2,0,1,2,0,2,1,1,0,0,2,0,0,2,3,0,1,1,0,2,0,2,0,0,1,0,1,1,2,1,1,1,2,0,1,2,0,1,1,0,0,0,1,1,1,0,1,1,3,2,0,0,2,0,1,2,1,2,2,2,1,1,1,1,6,2,1,2,2,1,2,1,2,2,
1451,1,3,1,1,1,3,0,2,1,1,0,0,2,0,0,1,1,1,3,1,1,0,1,2,1,1,0,0,1,1,2,2,0,1,2,2,1,2,0,0,0,0,1,1,2,1,1,0,1,1,0,0,1,0,0,1,1,0,0,1,2,0,1,1,1,0,0,0,1,0,1,4,0,0,0,1,1,0,0,1,1,0,1,2,1,2,2,0,2,1,1,1,2,1,0,1,1,1,0,1,2,0,2,1,0,2,2,0,1,1,1,0,3,0,1,0,2,0,2,0,2,0,0,1,2,0,1,1,0,1,3,2,1,1,2,3,1,2,1,1,2,2,2,6,1,1,1,1,3,1,2,1,
1461,2,1,3,1,1,1,2,2,3,1,1,2,1,1,1,1,2,0,0,1,0,0,1,1,1,1,0,0,1,0,1,0,2,1,1,1,0,1,2,1,1,0,0,0,0,1,1,1,3,1,0,1,2,0,0,3,1,0,1,0,1,0,2,1,0,1,0,0,1,2,0,1,2,2,1,2,1,3,1,1,0,0,0,0,0,1,1,1,3,1,1,1,1,1,2,1,1,3,0,0,1,0,1,0,2,2,0,1,0,1,1,2,1,1,1,0,2,3,0,0,1,1,0,1,2,2,0,3,1,1,1,1,1,0,0,1,3,2,1,3,1,2,1,1,6,1,1,1,2,2,2,1,
1471,2,2,1,2,2,1,0,1,2,2,1,0,0,2,1,1,0,0,1,0,0,1,1,0,0,0,0,0,0,0,1,1,1,2,2,1,1,0,1,0,2,2,0,0,0,0,2,1,0,1,1,3,0,1,1,0,0,1,1,2,1,0,0,1,0,0,0,3,1,1,0,1,0,1,1,2,0,0,1,2,1,2,0,2,1,2,1,0,1,0,0,1,2,0,0,0,1,2,0,2,1,0,0,2,2,0,1,0,1,2,0,2,1,0,0,1,1,1,0,2,1,0,1,1,1,1,1,3,1,0,2,1,0,2,0,1,2,1,2,1,2,2,2,1,1,6,1,1,2,1,1,2,
1482,2,1,1,1,3,3,0,1,1,1,0,0,2,0,1,3,1,1,0,0,1,3,1,1,2,0,1,0,1,0,0,0,0,1,0,0,0,0,1,0,1,1,2,1,0,0,0,2,0,0,1,0,0,2,0,0,0,1,1,1,0,1,1,0,1,2,0,1,0,1,1,1,2,3,0,2,0,0,0,1,1,2,0,0,1,2,0,1,1,0,0,3,1,0,1,0,2,2,1,1,1,0,1,0,0,1,1,1,1,1,0,1,2,1,0,0,2,1,0,2,0,1,1,1,1,0,0,2,1,2,1,1,1,1,1,2,3,2,3,2,1,1,2,1,1,1,6,2,1,2,1,2,
1493,2,1,1,2,2,1,1,0,2,0,1,2,2,0,3,1,1,2,1,2,1,1,2,0,0,0,0,1,1,1,1,0,0,0,0,1,1,1,1,1,0,1,1,1,1,1,0,0,0,1,0,0,0,0,2,0,3,1,1,0,1,1,0,0,1,2,1,0,1,1,1,2,0,1,1,2,1,0,0,0,1,0,1,0,1,2,1,1,2,3,1,1,2,0,1,2,2,1,1,0,0,3,1,1,0,1,0,1,0,1,0,0,1,1,0,1,4,1,1,1,1,2,0,0,1,0,1,1,0,1,1,1,0,0,2,3,1,1,2,2,1,1,1,1,1,1,2,6,1,1,1,1,
1501,1,4,1,0,2,2,0,3,1,1,1,0,1,1,1,1,0,2,1,2,1,0,2,1,1,2,0,0,3,1,2,1,1,1,1,2,1,1,3,1,0,0,0,0,0,2,0,0,2,0,0,0,1,0,0,3,0,0,0,1,1,0,2,2,1,0,0,0,0,1,0,2,1,0,0,1,2,1,0,2,1,0,1,0,1,2,2,1,2,1,0,2,2,2,0,0,0,2,1,0,1,0,2,1,0,2,1,1,2,1,2,1,1,1,1,0,3,1,1,0,2,0,0,0,1,2,1,1,1,0,3,0,1,1,1,3,2,1,2,2,1,2,2,3,2,2,1,1,6,1,1,1,
1512,1,1,3,1,2,1,2,2,1,2,2,1,0,3,0,1,1,1,1,0,0,1,0,1,2,0,1,1,0,2,1,0,2,1,0,0,2,0,0,0,0,0,1,0,1,0,0,0,0,0,2,0,1,2,0,0,1,0,2,0,0,0,1,1,0,0,2,0,1,1,0,1,2,2,2,1,2,1,0,0,1,0,1,0,1,2,0,0,2,0,1,2,2,2,1,1,0,1,0,0,0,2,1,0,1,0,0,1,0,2,1,3,2,1,3,1,1,1,0,1,0,0,1,0,2,1,0,3,1,1,2,0,0,0,1,2,2,3,1,4,2,1,1,1,2,1,2,1,1,6,1,1,
1521,1,1,4,1,1,2,1,1,2,1,0,0,1,0,0,1,1,0,1,1,1,0,0,0,1,1,1,1,0,1,1,1,0,1,1,1,2,1,0,1,2,0,1,0,2,1,3,0,2,2,1,2,0,0,1,1,0,0,1,0,0,2,0,0,0,0,2,1,0,0,2,2,1,0,2,2,0,0,2,1,0,0,1,1,1,1,0,2,2,0,1,2,2,0,1,0,0,2,2,0,1,0,1,1,1,0,2,1,1,2,2,0,2,1,0,2,1,1,1,0,0,0,1,1,2,1,1,1,1,3,1,0,1,0,0,1,1,2,1,1,2,4,2,2,2,1,1,1,1,1,6,1,
1533,3,1,1,1,1,2,0,0,2,1,1,2,0,0,1,0,0,0,0,0,2,0,1,0,1,1,1,2,0,0,0,1,1,0,0,0,0,1,0,2,2,2,2,1,0,1,1,3,1,1,2,1,1,3,0,0,0,2,0,1,1,2,1,0,0,1,1,1,0,0,1,1,0,0,0,2,0,1,1,1,3,0,1,1,1,2,0,1,2,1,0,2,1,0,2,1,2,1,1,0,1,1,1,0,1,0,2,0,2,3,1,1,2,1,0,1,1,2,1,1,1,1,2,1,1,0,2,1,1,1,2,1,0,1,0,1,2,2,2,1,2,2,2,1,1,2,2,1,1,1,1,6,
